Time;X;Y;Z;Vx;Vy;Vz;Roll;Pitch;Yaw;pRight.wRight;pRight.wUp;pRight.wForward;pUp.wRight;pUp.wUp;pUp.wForward;pForward.wRight;pForward.wUp;pForward.wForward;ScalarRoll;ScalarPitch;ScalarYaw;InputAccelerate;InputRoll;InputPitch;InputRoll
13.0093;1326.282;129.713;813.0501;88.72096;-0.4563159;62.06538;-0.03426402;3.206501;55.02515;0.5731913;0.000556497;-0.8194214;-0.04615314;0.9984342;-0.0316064;0.8181208;0.05593538;0.5723195;0.9984343;0.05593538;0.5723195;1;0;0;0
13.026;1327.767;129.7058;814.0888;88.90839;-0.4327835;62.1965;-0.02797646;3.206562;55.0251;0.5731919;0.000556652;-0.8194211;-0.04615381;0.9984342;-0.03160673;0.8181204;0.05593612;0.5723201;0.9984343;0.05593612;0.5723201;1;0;0;0
13.0427;1329.254;129.6989;815.1296;89.08578;-0.4098541;62.32058;-0.02797646;3.206562;55.02507;0.5731924;0.000556793;-0.8194208;-0.04615445;0.9984341;-0.03160704;0.8181201;0.05593682;0.5723205;0.9984343;0.05593682;0.5723205;1;0;0;0
13.0594;1330.745;129.6925;816.1723;89.25365;-0.3875155;62.43801;-0.02797646;3.206623;55.02505;0.5731926;0.000556868;-0.8194206;-0.046155;0.9984341;-0.03160735;0.8181199;0.05593745;0.5723207;0.9984342;0.05593745;0.5723207;1;0;0;0
13.0761;1332.238;129.6864;817.217;89.41249;-0.3657556;62.54913;-0.02797646;3.206684;55.02505;0.5731927;0.000556899;-0.8194205;-0.04615553;0.9984341;-0.03160769;0.8181198;0.05593808;0.5723208;0.9984342;0.05593808;0.5723208;1;0;0;0
13.0928;1333.734;129.6806;818.2632;89.56277;-0.3445621;62.65425;-0.02797646;3.206745;55.02505;0.5731926;0.000556877;-0.8194206;-0.046156;0.9984341;-0.03160805;0.8181198;0.05593868;0.5723207;0.9984342;0.05593868;0.5723207;1;0;0;0
13.1095;1335.232;129.6752;819.3112;89.70493;-0.3239227;62.75371;-0.02797646;3.206745;55.02505;0.5731927;0.000556871;-0.8194205;-0.0461565;0.998434;-0.0316084;0.8181197;0.05593929;0.5723208;0.9984341;0.05593929;0.5723208;1;0;0;0
13.1262;1336.732;129.6701;820.3608;89.83942;-0.3038251;62.84778;-0.02797646;3.206806;55.02508;0.5731922;0.000556754;-0.8194208;-0.04615693;0.998434;-0.03160881;0.81812;0.05593987;0.5723203;0.9984341;0.05593987;0.5723203;1;0;0;0
13.1429;1338.235;129.6654;821.4119;89.96661;-0.2842571;62.93676;-0.03426402;3.206806;55.0251;0.5731919;0.000556668;-0.819421;-0.04615744;0.9984339;-0.03160924;0.8181202;0.05594054;0.57232;0.9984341;0.05594054;0.57232;1;0;0;0
13.1596;1339.739;129.6609;822.4642;90.08691;-0.2652063;63.02092;-0.02797646;3.206867;55.02512;0.5731916;0.000556571;-0.8194212;-0.04615798;0.9984339;-0.03160971;0.8181203;0.05594125;0.5723196;0.9984339;0.05594125;0.5723196;1;0;0;0
13.1763;1341.246;129.6568;823.5181;90.20068;-0.2466608;63.1005;-0.02797646;3.206867;55.02512;0.5731916;0.00055656;-0.8194212;-0.04615858;0.9984339;-0.03161015;0.8181203;0.05594198;0.5723196;0.9984339;0.05594198;0.5723196;1;0;0;0
13.193;1342.754;129.653;824.5731;90.30827;-0.2286084;63.17576;-0.02797646;3.206928;55.02512;0.5731916;0.000556525;-0.8194212;-0.04615915;0.9984338;-0.03161059;0.8181202;0.05594271;0.5723195;0.9984338;0.05594271;0.5723195;1;0;0;0
13.2097;1344.264;129.6495;825.6293;90.41;-0.2110375;63.24692;-0.02797646;3.206989;55.02517;0.573191;0.000556406;-0.8194216;-0.04615969;0.9984338;-0.03161107;0.8181207;0.05594343;0.572319;0.9984339;0.05594343;0.572319;1;0;0;0
13.2264;1345.775;129.6463;826.6866;90.50619;-0.1939364;63.3142;-0.02797646;3.20705;55.02518;0.5731908;0.000556322;-0.8194218;-0.04616026;0.9984338;-0.03161155;0.8181208;0.05594417;0.5723187;0.9984339;0.05594417;0.5723187;1;0;0;0
13.2431;1347.288;129.6433;827.7452;90.59712;-0.1772938;63.3778;-0.02797646;3.20705;55.02517;0.573191;0.000556355;-0.8194216;-0.04616089;0.9984337;-0.03161196;0.8181206;0.05594493;0.5723189;0.9984338;0.05594493;0.5723189;1;0;0;0
13.2598;1348.802;129.6406;828.8044;90.68309;-0.1610983;63.43793;-0.03426402;3.207111;55.02515;0.5731912;0.000556406;-0.8194215;-0.0461616;0.9984336;-0.03161241;0.8181205;0.05594576;0.572319;0.9984338;0.05594576;0.572319;1;0;0;0
13.2765;1350.318;129.6382;829.8647;90.76436;-0.1453386;63.49478;-0.02797646;3.207172;55.02513;0.5731915;0.000556501;-0.8194213;-0.04616234;0.9984336;-0.03161285;0.8181201;0.05594663;0.5723193;0.9984336;0.05594663;0.5723193;1;0;0;0
13.2932;1351.835;129.636;830.9261;90.84118;-0.1300037;63.54852;-0.02797646;3.207172;55.02509;0.573192;0.000556646;-0.8194209;-0.04616304;0.9984336;-0.0316132;0.8181198;0.05594739;0.5723198;0.9984336;0.05594739;0.5723198;1;0;0;0
13.3099;1353.353;129.6341;831.9883;90.91379;-0.1150832;63.59931;-0.02797646;3.207233;55.02504;0.5731927;0.000556851;-0.8194205;-0.04616375;0.9984335;-0.0316135;0.8181193;0.05594814;0.5723205;0.9984336;0.05594814;0.5723205;1;0;0;0
13.3266;1354.873;129.6324;833.0511;90.98242;-0.1005667;63.64732;-0.02797646;3.207294;55.02502;0.573193;0.000556959;-0.8194203;-0.04616441;0.9984335;-0.03161386;0.818119;0.05594889;0.5723208;0.9984336;0.05594889;0.5723208;1;0;0;0
13.3433;1356.393;129.631;834.1149;91.04729;-0.08644389;63.6927;-0.02797646;3.207355;55.02502;0.5731931;0.000556983;-0.8194202;-0.04616502;0.9984334;-0.03161427;0.8181189;0.05594964;0.5723209;0.9984336;0.05594964;0.5723209;1;0;0;0
13.36;1357.915;129.6298;835.1791;91.10859;-0.07270458;63.73559;-0.03426402;3.207355;55.02503;0.5731929;0.000556914;-0.8194203;-0.04616559;0.9984334;-0.03161473;0.818119;0.05595036;0.5723206;0.9984334;0.05595036;0.5723206;1;0;0;0
13.3767;1359.437;129.6288;836.2443;91.16653;-0.059339;63.77612;-0.02797646;3.207416;55.02505;0.5731925;0.000556815;-0.8194205;-0.04616619;0.9984334;-0.03161523;0.8181192;0.05595114;0.5723203;0.9984334;0.05595114;0.5723203;1;0;0;0
13.3934;1360.961;129.628;837.3099;91.22128;-0.04633725;63.81442;-0.02797646;3.207477;55.02512;0.5731916;0.00055656;-0.8194214;-0.04616673;0.9984333;-0.03161585;0.8181199;0.05595195;0.5723193;0.9984335;0.05595195;0.5723193;1;0;0;0
13.4101;1362.485;129.6274;838.3762;91.27302;-0.03368974;63.85061;-0.02797646;3.207477;55.02517;0.573191;0.000556381;-0.8194218;-0.04616722;0.9984333;-0.03161637;0.8181204;0.05595264;0.5723187;0.9984336;0.05595264;0.5723187;1;0;0;0
13.4268;1364.01;129.6271;839.4431;91.32191;-0.02138752;63.88481;-0.03426402;3.207538;55.02519;0.5731906;0.000556268;-0.819422;-0.0461677;0.9984332;-0.03161681;0.8181206;0.05595328;0.5723183;0.9984335;0.05595328;0.5723183;1;0;0;0
13.4435;1365.536;129.6269;840.5105;91.36812;-0.009421691;63.91712;-0.02797646;3.207599;55.02522;0.5731902;0.000556143;-0.8194222;-0.04616813;0.9984332;-0.03161722;0.8181208;0.05595387;0.5723178;0.9984334;0.05595387;0.5723178;1;0;0;0
13.4602;1367.063;129.627;841.5785;91.41177;0.002216533;63.94765;-0.02797646;3.207599;55.02526;0.5731896;0.000555962;-0.8194227;-0.04616849;0.9984332;-0.03161764;0.8181212;0.0559544;0.5723172;0.9984334;0.0559544;0.5723172;1;0;0;0
13.4769;1368.59;129.6272;842.6468;91.45303;0.01353563;63.97649;-0.02797646;3.207599;55.02531;0.5731889;0.000555772;-0.8194232;-0.04616884;0.9984331;-0.03161807;0.8181217;0.05595494;0.5723165;0.9984334;0.05595494;0.5723165;1;0;0;0
13.4936;1370.118;129.6276;843.7158;91.492;0.02454416;64.00374;-0.02797646;3.20766;55.02536;0.5731882;0.000555577;-0.8194236;-0.04616918;0.9984331;-0.03161848;0.8181221;0.05595545;0.5723158;0.9984332;0.05595545;0.5723158;1;0;0;0
13.5103;1371.646;129.6282;844.785;91.52883;0.03525031;64.02948;-0.02797646;3.20766;55.02539;0.5731878;0.000555461;-0.8194239;-0.04616957;0.9984331;-0.03161886;0.8181223;0.05595599;0.5723153;0.9984331;0.05595599;0.5723153;1;0;0;0
13.527;1373.175;129.629;845.8547;91.56363;0.0456623;64.0538;-0.03426402;3.207721;55.0254;0.5731877;0.000555435;-0.819424;-0.04617004;0.9984331;-0.03161921;0.8181225;0.05595658;0.5723152;0.9984332;0.05595658;0.5723152;1;0;0;0
13.5437;1374.705;129.6299;846.9248;91.5965;0.0557882;64.07678;-0.03426402;3.207721;55.0254;0.5731877;0.000555443;-0.819424;-0.0461705;0.998433;-0.03161953;0.8181225;0.05595714;0.5723152;0.9984332;0.05595714;0.5723152;1;0;0;0
13.5604;1376.235;129.631;847.9953;91.62756;0.06563562;64.09849;-0.03426402;3.207844;55.02538;0.5731881;0.000555523;-0.8194237;-0.04617098;0.998433;-0.03161979;0.8181221;0.05595768;0.5723155;0.9984331;0.05595768;0.5723155;1;0;0;0
13.5771;1377.766;129.6323;849.0659;91.65691;0.07521203;64.119;-0.02797646;3.207783;55.02534;0.5731886;0.000555687;-0.8194234;-0.0461715;0.9984329;-0.03162;0.8181217;0.05595822;0.5723161;0.9984331;0.05595822;0.5723161;1;0;0;0
13.5938;1379.297;129.6337;850.1371;91.68462;0.08452483;64.13837;-0.02797646;3.207844;55.02527;0.5731895;0.000555961;-0.8194227;-0.04617202;0.9984329;-0.0316201;0.8181211;0.0559587;0.5723169;0.9984331;0.0559587;0.5723169;1;0;0;0
13.6105;1380.829;129.6352;851.2086;91.71081;0.09358096;64.15668;-0.03426402;3.207844;55.02519;0.5731906;0.000556255;-0.8194219;-0.04617251;0.9984329;-0.03162018;0.8181203;0.05595916;0.572318;0.998433;0.05595916;0.572318;1;0;0;0
13.6272;1382.361;129.6369;852.2804;91.73554;0.1023873;64.17398;-0.02797646;3.207905;55.02514;0.5731914;0.000556506;-0.8194214;-0.04617297;0.9984329;-0.03162026;0.8181196;0.05595958;0.5723189;0.998433;0.05595958;0.5723189;1;0;0;0
13.6439;1383.893;129.6388;853.3522;91.7589;0.1109506;64.19032;-0.03426402;3.207966;55.02511;0.5731918;0.000556625;-0.8194211;-0.04617338;0.9984329;-0.03162044;0.8181193;0.05596001;0.5723192;0.9984329;0.05596001;0.5723192;1;0;0;0
13.6606;1385.426;129.6408;854.4246;91.78098;0.1192775;64.20576;-0.02797646;3.207966;55.02509;0.5731922;0.000556732;-0.8194209;-0.04617376;0.9984328;-0.03162061;0.8181191;0.05596043;0.5723196;0.998433;0.05596043;0.5723196;1;0;0;0
13.6773;1386.959;129.6429;855.4971;91.80182;0.1273745;64.22035;-0.03426402;3.207966;55.02507;0.5731924;0.000556769;-0.8194207;-0.04617414;0.9984328;-0.03162084;0.8181189;0.05596087;0.5723197;0.9984329;0.05596087;0.5723197;1;0;0;0
13.694;1388.492;129.6452;856.5697;91.82151;0.1352479;64.23413;-0.03426402;3.207966;55.02507;0.5731924;0.000556758;-0.8194207;-0.0461745;0.9984328;-0.03162111;0.8181189;0.05596132;0.5723197;0.9984329;0.05596132;0.5723197;1;0;0;0
13.7107;1390.026;129.6476;857.6426;91.84011;0.1429039;64.24715;-0.02797646;3.208027;55.02509;0.573192;0.000556666;-0.819421;-0.04617484;0.9984328;-0.03162143;0.8181191;0.05596178;0.5723194;0.9984329;0.05596178;0.5723194;1;0;0;0
13.7274;1391.56;129.6501;858.7159;91.85768;0.1503484;64.25944;-0.02797646;3.208027;55.02511;0.5731918;0.000556611;-0.8194212;-0.04617513;0.9984328;-0.03162168;0.8181193;0.05596216;0.5723191;0.9984329;0.05596216;0.5723191;1;0;0;0
13.7441;1393.094;129.6527;859.7891;91.87428;0.1575872;64.27105;-0.03426402;3.208088;55.02514;0.5731914;0.000556499;-0.8194214;-0.04617538;0.9984327;-0.03162196;0.8181195;0.05596253;0.5723187;0.9984328;0.05596253;0.5723187;1;0;0;0
13.7608;1394.629;129.6554;860.8625;91.88995;0.1646257;64.28201;-0.02797646;3.208088;55.02517;0.5731909;0.000556316;-0.8194217;-0.04617558;0.9984327;-0.03162227;0.8181198;0.05596287;0.5723181;0.9984327;0.05596287;0.5723181;1;0;0;0
13.7775;1396.163;129.6583;861.9361;91.90476;0.1714694;64.29237;-0.02797646;3.208149;55.02523;0.57319;0.000556089;-0.8194224;-0.04617577;0.9984327;-0.03162261;0.8181205;0.05596322;0.5723173;0.9984328;0.05596322;0.5723173;1;0;0;0
13.7942;1397.699;129.6613;863.0101;91.91875;0.1781238;64.30215;-0.02797646;3.208149;55.02525;0.5731898;0.000556015;-0.8194224;-0.04617599;0.9984326;-0.03162283;0.8181205;0.05596353;0.5723171;0.9984326;0.05596353;0.5723171;1;0;0;0
13.8109;1399.234;129.6644;864.084;91.93197;0.184594;64.31139;-0.02797646;3.208088;55.02525;0.5731899;0.000556041;-0.8194224;-0.04617622;0.9984326;-0.03162298;0.8181205;0.05596381;0.5723171;0.9984327;0.05596381;0.5723171;1;0;0;0
13.8276;1400.769;129.6676;865.1581;91.94445;0.1908849;64.32011;-0.03426402;3.208149;55.02525;0.5731897;0.000556035;-0.8194226;-0.04617643;0.9984326;-0.03162313;0.8181207;0.05596406;0.572317;0.9984328;0.05596406;0.572317;1;0;0;0
13.8443;1402.305;129.6709;866.2325;91.95624;0.1970014;64.32835;-0.03426402;3.20821;55.02525;0.5731897;0.000556009;-0.8194225;-0.04617659;0.9984326;-0.03162326;0.8181206;0.05596426;0.572317;0.9984326;0.05596426;0.572317;1;0;0;0
13.861;1403.841;129.6743;867.3068;91.96737;0.2029483;64.33613;-0.03426402;3.208149;55.02525;0.5731899;0.000556067;-0.8194224;-0.04617679;0.9984326;-0.03162334;0.8181205;0.05596448;0.5723171;0.9984326;0.05596448;0.5723171;1;0;0;0
13.8777;1405.377;129.6777;868.3814;91.97788;0.2087302;64.34348;-0.03426402;3.208149;55.02523;0.5731901;0.000556121;-0.8194223;-0.04617701;0.9984326;-0.03162345;0.8181203;0.05596472;0.5723174;0.9984326;0.05596472;0.5723174;1;0;0;0
13.8944;1406.913;129.6813;869.4561;91.98782;0.2143517;64.35042;-0.03426402;3.20821;55.02518;0.5731907;0.000556303;-0.8194219;-0.04617728;0.9984326;-0.03162347;0.8181199;0.05596495;0.572318;0.9984326;0.05596495;0.572318;1;0;0;0
13.9111;1408.449;129.685;870.5308;91.99719;0.2198174;64.35698;-0.03426402;3.20821;55.02517;0.5731909;0.000556389;-0.8194218;-0.04617751;0.9984326;-0.03162354;0.8181198;0.05596517;0.5723182;0.9984328;0.05596517;0.5723182;1;0;0;0
13.9278;1409.986;129.6888;871.6057;92.00605;0.2251315;64.36317;-0.02797646;3.20821;55.02515;0.5731912;0.000556454;-0.8194216;-0.0461777;0.9984326;-0.03162363;0.8181196;0.05596539;0.5723184;0.9984328;0.05596539;0.5723184;1;0;0;0
13.9445;1411.523;129.6926;872.6807;92.01442;0.2302982;64.36903;-0.02797646;3.20821;55.02515;0.5731913;0.000556495;-0.8194215;-0.04617792;0.9984325;-0.03162374;0.8181195;0.05596562;0.5723186;0.9984327;0.05596562;0.5723186;1;0;0;0
13.9612;1413.059;129.6965;873.7557;92.02232;0.2353217;64.37455;-0.03426402;3.208271;55.02515;0.5731911;0.000556428;-0.8194216;-0.0461781;0.9984325;-0.03162393;0.8181196;0.05596589;0.5723184;0.9984328;0.05596589;0.5723184;1;0;0;0
13.9779;1414.596;129.7005;874.8308;92.02979;0.240206;64.37977;-0.02797646;3.208271;55.02517;0.5731909;0.000556355;-0.8194217;-0.0461783;0.9984325;-0.03162414;0.8181197;0.05596617;0.5723181;0.9984326;0.05596617;0.5723181;1;0;0;0
13.9946;1416.133;129.7046;875.9061;92.03683;0.2449551;64.3847;-0.02797646;3.208332;55.02521;0.5731904;0.000556223;-0.8194221;-0.04617852;0.9984325;-0.03162441;0.8181201;0.0559665;0.5723176;0.9984327;0.0559665;0.5723176;1;0;0;0
14.0113;1417.67;129.7088;876.9813;92.0435;0.2495729;64.38935;-0.02797646;3.208332;55.02525;0.5731897;0.000556015;-0.8194225;-0.04617869;0.9984325;-0.03162473;0.8181205;0.05596683;0.5723169;0.9984325;0.05596683;0.5723169;1;0;0.09887762;0
14.028;1419.207;129.7191;878.0565;92.03555;0.5619471;64.384;-0.02797646;3.227071;55.02528;0.5731892;0.000555815;-0.8194229;-0.04644631;0.9984141;-0.03181214;0.8181058;0.05629354;0.572306;0.9984142;0.05629354;0.572306;1;0;0.1021463;0
14.0447;1420.744;129.7354;879.1316;92.0274;0.8767971;64.3785;-0.02797646;3.263628;55.02532;0.5731884;0.000555581;-0.8194236;-0.0469678;0.998378;-0.03217717;0.8180766;0.05693009;0.5722848;0.9983782;0.05693009;0.5722848;1;0;0.1066981;0
14.0614;1422.281;129.758;880.2065;92.01875;1.199014;64.37265;-0.02797646;3.317296;55.02531;0.573188;0.000555489;-0.8194237;-0.0477343;0.9983242;-0.03271345;0.8180324;0.05786557;0.572254;0.9983243;0.05786557;0.572254;1;0;0.1106388;0
14.0781;1423.817;129.7868;881.2814;92.00952;1.52742;64.3664;-0.02797646;3.387436;55.02531;0.5731876;0.000555461;-0.8194241;-0.04873598;0.9982526;-0.03341417;0.8179737;0.05908801;0.5722131;0.9982528;0.05908801;0.5722131;1;0;0.1158626;0
14.0948;1425.353;129.822;882.356;91.9994;1.866726;64.35953;-0.03426402;3.473727;55.0253;0.573187;0.00055531;-0.8194245;-0.04996708;0.9981626;-0.03427551;0.8178998;0.06059051;0.5721615;0.9981626;0.06059051;0.5721615;1;0;0.1400266;0
14.1115;1426.889;129.865;883.4306;91.98528;2.276415;64.34991;-0.03956468;3.579273;55.02528;0.5731865;0.000555325;-0.8194249;-0.05147379;0.9980493;-0.03532948;0.8178068;0.06242928;0.5720969;0.9980495;0.06242928;0.5720969;1;0;0.1465334;0
14.1282;1428.425;129.916;884.5048;91.96977;2.700608;64.33933;-0.02797646;3.703696;55.02522;0.5731863;0.000555364;-0.8194249;-0.0532505;0.9979112;-0.0365723;0.817693;0.06459752;0.5720187;0.9979113;0.06459752;0.5720187;1;0;0.1458919;0
14.1449;1429.96;129.9747;885.5788;91.95386;3.117692;64.32846;-0.03426402;3.845475;55.02518;0.5731857;0.000555299;-0.8194254;-0.05527271;0.9977484;-0.03798697;0.8175593;0.06706544;0.5719259;0.9977486;0.06706544;0.5719259;1;0;0.1458919;0
14.1616;1431.495;130.041;886.6525;91.93724;3.530793;64.31709;-0.02797646;4.002963;55.02512;0.5731855;0.000555361;-0.8194256;-0.0575197;0.9975603;-0.03955877;0.8174045;0.06980762;0.571819;0.9975606;0.06980762;0.571819;1;0;0.1458919;0
14.1783;1433.03;130.1149;887.7262;91.91976;3.940877;64.30512;-0.02797646;4.174857;55.02502;0.5731853;0.000555586;-0.8194256;-0.05997248;0.9973463;-0.04127434;0.8172283;0.07280083;0.5716977;0.9973465;0.07280083;0.5716977;1;0;0.1465334;0
14.195;1434.564;130.1963;888.7994;91.90116;4.350797;64.29237;-0.03426402;4.36022;55.02493;0.5731853;0.000555757;-0.8194257;-0.06261529;0.9971057;-0.04312292;0.8170301;0.076026;0.5715611;0.9971058;0.076026;0.5715611;1;0;0.1458919;0
14.2117;1436.098;130.285;889.8726;91.88155;4.757289;64.27889;-0.03426402;4.557629;55.02481;0.5731852;0.000555981;-0.8194257;-0.06543021;0.9968378;-0.04509185;0.8168094;0.07946117;0.5714091;0.9968379;0.07946117;0.5714091;1;0;0.1458919;0
14.2284;1437.631;130.3811;890.9453;91.86067;5.163089;64.26454;-0.03426402;4.766168;55.02468;0.5731855;0.000556313;-0.8194255;-0.06840282;0.996542;-0.047171;0.8165657;0.08308874;0.5712415;0.9965421;0.08308874;0.5712415;1;0;0.1458919;0
14.2451;1439.164;130.4843;892.0178;91.83844;5.568806;64.24924;-0.03426402;4.984838;55.02452;0.573186;0.000556681;-0.8194252;-0.07151946;0.9962175;-0.04935092;0.8162983;0.0868921;0.5710577;0.9962177;0.0868921;0.5710577;1;0;0.1458919;0
14.2618;1440.697;130.5948;893.0899;91.81474;5.974981;64.23293;-0.02797646;5.212859;55.02438;0.573186;0.000556909;-0.8194251;-0.07476773;0.9958639;-0.05162305;0.8160071;0.09085616;0.5708569;0.995864;0.09085616;0.5708569;1;0;0.1458919;0
14.2785;1442.229;130.7125;894.1617;91.7895;6.382091;64.21553;-0.03426402;5.449459;55.02425;0.5731861;0.000557058;-0.819425;-0.07813643;0.9954802;-0.05397954;0.8156914;0.09496727;0.570639;0.9954803;0.09496727;0.570639;1;0;0.1472055;0
14.2952;1443.76;130.8374;895.2332;91.76231;6.794624;64.19678;-0.03426402;5.694057;55.02409;0.5731864;0.000557371;-0.819425;-0.08161885;0.9950656;-0.05641543;0.8153502;0.09921707;0.5704036;0.9950659;0.09921707;0.5704036;1;0;0.1465334;0
14.3119;1445.291;130.9696;896.3042;91.73358;7.206697;64.17695;-0.03426402;5.946035;55.02396;0.5731863;0.000557635;-0.819425;-0.08520319;0.9946198;-0.05892263;0.8149835;0.1035913;0.57015;0.99462;0.1035913;0.57015;1;0;0.1465334;0
14.3286;1446.821;131.109;897.3749;91.70309;7.62078;64.15588;-0.03426402;6.204598;55.02381;0.5731863;0.000557885;-0.819425;-0.08888049;0.9941422;-0.06149492;0.8145906;0.1080789;0.5698782;0.9941422;0.1080789;0.5698782;1;0;0.1465334;0
14.3453;1448.351;131.2556;898.4452;91.67075;8.037155;64.13354;-0.03426402;6.469236;55.02368;0.573186;0.000558019;-0.8194252;-0.09264253;0.9936323;-0.0641266;0.8141715;0.1126701;0.5695878;0.9936324;0.1126701;0.5695878;1;0;0.1465334;0
14.362;1449.88;131.4095;899.515;91.63653;8.456068;64.10986;-0.03426402;6.739503;55.02356;0.5731855;0.000558097;-0.8194256;-0.09648184;0.9930898;-0.06681238;0.8137259;0.1173556;0.5692785;0.99309;0.1173556;0.5692785;1;0;0.1452504;0
14.3787;1451.409;131.5705;900.5844;91.60075;8.873767;64.0851;-0.03426402;7.014646;55.02345;0.5731849;0.000558108;-0.819426;-0.100388;0.9925148;-0.06954503;0.8132537;0.1221227;0.5689506;0.9925151;0.1221227;0.5689506;1;0;0.1452504;0
14.3954;1452.936;131.7388;901.6531;91.56297;9.29449;64.05894;-0.03426402;7.294228;55.0233;0.5731847;0.000558216;-0.8194261;-0.1043554;0.9919071;-0.07232038;0.8127542;0.1269644;0.5686042;0.9919071;0.1269644;0.5686042;1;0;0.1445783;0
14.4121;1454.464;131.9143;902.7214;91.52338;9.716299;64.03152;-0.03426402;7.577767;55.02315;0.5731845;0.000558376;-0.8194263;-0.1083763;0.9912667;-0.0751332;0.812228;0.1318715;0.5682392;0.9912668;0.1318715;0.5682392;1;0;0.1452504;0
14.4288;1455.99;132.0971;903.7893;91.4815;10.1435;64.00249;-0.03426402;7.865043;55.02298;0.5731845;0.000558667;-0.8194262;-0.1124475;0.990593;-0.07798109;0.8116743;0.13684;0.5678554;0.9905931;0.13684;0.5678554;1;0;0.1458919;0
14.4455;1457.515;132.2873;904.8566;91.43728;10.57601;63.97183;-0.02797646;8.15584;55.02283;0.5731843;0.000558808;-0.8194263;-0.116566;0.9898857;-0.08086222;0.8110932;0.1418662;0.567452;0.9898857;0.1418662;0.567452;1;0;0.1445783;0
14.4622;1459.04;132.4849;905.9233;91.3914;11.00785;63.94001;-0.03426402;8.449687;55.02267;0.5731841;0.000558984;-0.8194265;-0.120724;0.9891452;-0.08377099;0.8104849;0.1469406;0.5670298;0.9891453;0.1469406;0.5670298;1;0;0.1445783;0
14.4789;1460.564;132.6898;906.9894;91.34335;11.44321;63.90668;-0.03426402;8.746263;55.02252;0.5731839;0.000559177;-0.8194267;-0.1249176;0.9883714;-0.08670464;0.8098494;0.1520585;0.5665884;0.9883716;0.1520585;0.5665884;1;0;0.1445783;0
14.4956;1462.086;132.9021;908.0547;91.2931;11.88211;63.87181;-0.02797646;9.045287;55.02235;0.5731838;0.000559479;-0.8194268;-0.1291433;0.9875641;-0.08966071;0.8091864;0.1572156;0.566128;0.9875645;0.1572156;0.566128;1;0;0.1439368;0
14.5123;1463.608;133.1219;909.1195;91.24088;12.3226;63.83556;-0.03426402;9.346557;55.02219;0.5731837;0.000559628;-0.8194269;-0.133396;0.9867239;-0.0926358;0.8084962;0.1624056;0.5656487;0.9867241;0.1624056;0.5656487;1;0;0.1458919;0
14.529;1465.129;133.3493;910.1835;91.18561;12.77268;63.79719;-0.03426402;9.650134;55.022;0.5731838;0.000560015;-0.8194267;-0.1376782;0.9858496;-0.0956313;0.8077779;0.1676315;0.56515;0.9858496;0.1676315;0.56515;1;0;0.1445783;0
14.5457;1466.649;133.5844;911.247;91.12863;13.22217;63.75762;-0.03426402;9.955621;55.0218;0.5731841;0.000560455;-0.8194266;-0.1419832;0.9849418;-0.0986428;0.8070323;0.1728853;0.5646325;0.9849421;0.1728853;0.5646325;1;0;0.1439368;0
14.5624;1468.168;133.8269;912.3097;91.06965;13.67322;63.71665;-0.02797646;10.26268;55.02159;0.5731845;0.00056082;-0.8194262;-0.1463067;0.9840011;-0.1016673;0.8062593;0.1781617;0.5640962;0.9840012;0.1781617;0.5640962;1;0;0.1439368;0
14.5791;1469.685;134.0772;913.3714;91.00835;14.1278;63.67407;-0.03956468;10.57127;55.02141;0.5731844;0.000560924;-0.8194262;-0.1506467;0.9830273;-0.1047037;0.8054597;0.1834584;0.5635405;0.9830274;0.1834584;0.5635405;1;0;0.1426232;0
14.5958;1471.202;134.335;914.4326;90.94534;14.58188;63.63029;-0.02797646;10.88092;55.02124;0.5731843;0.000560924;-0.8194264;-0.1549975;0.9820215;-0.1077477;0.8046338;0.1887684;0.5629662;0.9820216;0.1887684;0.5629662;1;0;0.1426232;0
14.6125;1472.717;134.6006;915.4927;90.87998;15.03951;63.58488;-0.03426402;11.19155;55.02106;0.5731844;0.000560947;-0.8194264;-0.1593577;0.9809836;-0.1107984;0.8037817;0.1940898;0.5623738;0.9809838;0.1940898;0.5623738;1;0;0.1439368;0
14.6292;1474.232;134.8739;916.5524;90.81163;15.50459;63.53737;-0.02797646;11.50331;55.02089;0.5731841;0.000560679;-0.8194265;-0.163729;0.9799129;-0.1138571;0.8029028;0.1994249;0.5617623;0.9799131;0.1994249;0.5617623;1;0;0.1458919;0
14.6459;1475.744;135.1552;917.6108;90.73993;15.97888;63.48753;-0.02797646;11.81651;55.02072;0.5731841;0.000560455;-0.8194265;-0.1681153;0.9788082;-0.1169262;0.8019959;0.2047783;0.5611315;0.9788083;0.2047783;0.5611315;1;0;0.1465334;0
14.6626;1477.256;135.4445;918.6685;90.66553;16.45819;63.4358;-0.03426402;12.13112;55.02055;0.5731839;0.000560276;-0.8194267;-0.1725161;0.9776691;-0.1200055;0.801061;0.2101495;0.5604808;0.9776694;0.2101495;0.5604808;1;0;0.1465334;0
14.6793;1478.766;135.742;919.7251;90.58874;16.94047;63.3824;-0.02797646;12.44697;55.02039;0.5731835;0.000559889;-0.8194269;-0.1769295;0.9764957;-0.1230938;0.8000979;0.2155362;0.5598103;0.9764959;0.2155362;0.5598103;1;0;0.1465334;0
14.696;1480.275;136.0476;920.7808;90.50954;17.42566;63.32732;-0.03426402;12.76401;55.02022;0.5731834;0.000559598;-0.8194271;-0.1813537;0.9752882;-0.1261897;0.7991069;0.220936;0.5591205;0.9752884;0.220936;0.5591205;1;0;0.1465334;0
14.7127;1481.782;136.3614;921.8354;90.42793;17.91374;63.27055;-0.03426402;13.08208;55.02007;0.5731829;0.000559196;-0.8194274;-0.185787;0.9740466;-0.1292918;0.7980883;0.2263468;0.5584108;0.9740469;0.2263468;0.5584108;1;0;0.1458919;0
14.7294;1483.288;136.6833;922.8892;90.34424;18.40269;63.21232;-0.02797646;13.40099;55.01993;0.5731824;0.000558749;-0.8194278;-0.1902259;0.9727718;-0.1323981;0.7970422;0.2317646;0.5576819;0.972772;0.2317646;0.5576819;1;0;0.1465334;0
14.7461;1484.793;137.0135;923.9417;90.25771;18.89639;63.15211;-0.03426402;13.72077;55.01978;0.5731819;0.000558354;-0.8194281;-0.1946713;0.971463;-0.1355088;0.7959684;0.2371903;0.5569337;0.9714631;0.2371903;0.5569337;1;0;0.1458919;0
14.7628;1486.296;137.352;924.9935;90.16911;19.39085;63.09045;-0.03426402;14.0412;55.01963;0.5731813;0.00055813;-0.8194285;-0.19912;0.9701213;-0.1386215;0.7948677;0.2426198;0.5561665;0.9701215;0.2426198;0.5561665;1;0;0.1458919;0
14.7795;1487.797;137.6988;926.0436;90.07802;19.88798;63.02705;-0.02797646;14.36228;55.01948;0.5731809;0.000557721;-0.8194288;-0.2035709;0.9687465;-0.1417361;0.7937398;0.2480523;0.5553805;0.9687467;0.2480523;0.5553805;1;0;0.1452504;0
14.7962;1489.297;138.0539;927.0931;89.98483;20.38579;62.96218;-0.03426402;14.68376;55.01934;0.5731803;0.000557303;-0.8194292;-0.2080211;0.9673395;-0.1448503;0.7925856;0.2534839;0.5545758;0.9673396;0.2534839;0.5545758;1;0;0.1445783;0
14.8129;1490.795;138.4173;928.1411;89.88957;20.88416;62.89585;-0.03426402;15.00549;55.01918;0.5731798;0.000556886;-0.8194295;-0.2124682;0.9659008;-0.1479623;0.7914053;0.2589117;0.5537532;0.965901;0.2589117;0.5537532;1;0;0.1445783;0
14.8296;1492.291;138.7891;929.1882;89.79179;21.38508;62.82776;-0.03426402;15.32747;55.01902;0.5731794;0.000556685;-0.8194297;-0.2169119;0.9644307;-0.1510716;0.7901991;0.2643352;0.5529126;0.9644307;0.2643352;0.5529126;1;0;0.1452504;0
14.8463;1493.785;139.1693;930.2338;89.69102;21.89044;62.75759;-0.03426402;15.64975;55.01884;0.5731793;0.000556693;-0.8194299;-0.2213534;0.9629285;-0.1541793;0.7889667;0.269756;0.5520539;0.9629287;0.269756;0.5520539;1;0;0.1445783;0
14.863;1495.278;139.558;931.2783;89.5882;22.39611;62.68597;-0.02797646;15.97219;55.01865;0.5731792;0.00055676;-0.8194299;-0.22579;0.9613952;-0.1572836;0.7877085;0.2751708;0.5511774;0.9613954;0.2751708;0.5511774;1;0;0.1465334;0
14.8797;1496.769;139.9552;932.3216;89.48147;22.90984;62.61164;-0.03426402;16.29512;55.01843;0.5731794;0.000557095;-0.8194298;-0.2302263;0.959829;-0.1603875;0.7864231;0.2805851;0.5502825;0.9598292;0.2805851;0.5502825;1;0;0.1452504;0
14.8964;1498.258;140.3609;933.3634;89.37312;23.4218;62.53617;-0.02797646;16.61827;55.01821;0.5731797;0.000557393;-0.8194295;-0.2346581;0.9582313;-0.1634883;0.7851119;0.2859939;0.5493696;0.9582314;0.2859939;0.5493696;1;0;0.1472055;0
14.9131;1499.745;140.7753;934.4039;89.2608;23.94159;62.45794;-0.03426402;16.94193;55.018;0.5731798;0.000557698;-0.8194295;-0.2390895;0.9566004;-0.1665888;0.7837737;0.2914023;0.5484374;0.9566005;0.2914023;0.5484374;1;0;0.1472055;0
14.9298;1501.23;141.1985;935.4431;89.14595;24.4632;62.37793;-0.03426402;17.26608;55.01779;0.5731799;0.000558056;-0.8194295;-0.24352;0.9549365;-0.1696887;0.7824085;0.2968096;0.5474863;0.9549367;0.2968096;0.5474863;1;0;0.1484885;0
14.9465;1502.713;141.6304;936.4807;89.02759;24.99033;62.29548;-0.03426402;17.59091;55.01759;0.5731799;0.000558414;-0.8194295;-0.247952;0.9532385;-0.1727896;0.7810152;0.3022187;0.5465156;0.9532386;0.3022187;0.5465156;1;0;0.1484885;0
14.9632;1504.194;142.0712;937.517;88.90668;25.51906;62.21124;-0.02797646;17.91632;55.01738;0.5731799;0.000558838;-0.8194295;-0.2523841;0.9515066;-0.1758905;0.7795942;0.3076279;0.5455255;0.9515067;0.3076279;0.5455255;1;0;0.1550259;0
14.9799;1505.673;142.5212;938.5517;88.77813;26.06843;62.12167;-0.03426402;18.2435;55.01719;0.5731797;0.000558898;-0.8194296;-0.2568318;0.9497344;-0.1790026;0.7781405;0.3130562;0.544512;0.9497346;0.3130562;0.544512;1;0;0.190279;0
14.9966;1507.148;142.9824;939.5845;88.61927;26.72156;62.01097;-0.03426402;18.57888;55.01697;0.5731797;0.000558987;-0.8194296;-0.2613822;0.9478858;-0.1821867;0.7766238;0.31861;0.543455;0.9478859;0.31861;0.543455;1;0;0.2085776;0
15.0133;1508.621;143.4559;940.615;88.44353;27.42611;61.8885;-0.03426402;18.92513;55.01677;0.5731796;0.000559032;-0.8194297;-0.2660708;0.945943;-0.1854675;0.7750301;0.3243324;0.542344;0.9459432;0.3243324;0.542344;1;0;0.2085776;0
15.03;1510.091;143.9415;941.6432;88.26554;28.12779;61.76446;-0.03426402;19.28131;55.01655;0.5731795;0.000558943;-0.8194296;-0.2708836;0.9439085;-0.1888355;0.773361;0.3302068;0.5411804;0.9439085;0.3302068;0.5411804;1;0;0.2118463;0
15.0467;1511.557;144.4393;942.6693;88.08231;28.83656;61.63676;-0.02797646;19.64722;55.01628;0.5731799;0.000559285;-0.8194294;-0.2758169;0.9417806;-0.1922874;0.7716151;0.3362277;0.539964;0.9417806;0.3362277;0.539964;1;0;0.2144429;0
15.0634;1513.02;144.9495;943.6932;87.89413;29.55065;61.5056;-0.03426402;20.02245;55.01604;0.5731799;0.000559509;-0.8194295;-0.2808643;0.9395584;-0.1958193;0.7697923;0.3423882;0.5386932;0.9395586;0.3423882;0.5386932;1;0;0.2138014;0
15.0801;1514.479;145.4718;944.7145;87.70351;30.26095;61.37273;-0.03426402;20.40611;55.01577;0.5731802;0.000559896;-0.8194292;-0.2860129;0.9372447;-0.199422;0.7678939;0.3486721;0.5373702;0.9372446;0.3486721;0.5373702;1;0;0.2131599;0
15.0968;1515.935;146.0062;945.7335;87.51019;30.96793;61.23798;-0.02797646;20.79738;55.01548;0.5731807;0.000560209;-0.8194289;-0.2912501;0.9348418;-0.2030869;0.7659226;0.3550642;0.5359964;0.9348419;0.3550642;0.5359964;1;0;0.2085776;0
15.1135;1517.388;146.5524;946.7499;87.31749;31.66072;61.10365;-0.03426402;21.19473;55.01521;0.5731808;0.000560492;-0.8194289;-0.2965548;0.932357;-0.2067989;0.7638842;0.3615387;0.5345753;0.9323571;0.3615387;0.5345753;1;0;0.2085776;0
15.1302;1518.837;147.1104;947.7641;87.12108;32.35307;60.96672;-0.03426402;21.59763;55.0149;0.5731814;0.000561193;-0.8194284;-0.3019192;0.9297916;-0.2105525;0.7617795;0.368086;0.5331087;0.9297918;0.368086;0.5331087;1;0;0.1961749;0
15.1469;1520.283;147.6794;948.7761;86.93224;33.00998;60.83507;-0.02797646;22.00328;55.01457;0.5731821;0.000561893;-0.819428;-0.3073053;0.9271622;-0.2143214;0.7596222;0.3746597;0.5316054;0.9271624;0.3746597;0.5316054;1;0;0.1955028;0
15.1636;1521.726;148.2594;949.7856;86.73989;33.66589;60.70098;-0.02797646;22.41136;55.01422;0.5731829;0.000562608;-0.8194273;-0.3127079;0.9244702;-0.218102;0.7574134;0.3812537;0.5300665;0.9244703;0.3812537;0.5300665;1;0;0.1942198;0
15.1803;1523.165;148.8504;950.7927;86.54458;34.31917;60.56481;-0.03426402;22.82136;55.01387;0.5731837;0.000563458;-0.8194268;-0.3181202;0.9217184;-0.2218893;0.7551557;0.3878595;0.5284932;0.9217185;0.3878595;0.5284932;1;0;0.1935477;0
15.197;1524.601;149.4523;951.7974;86.34567;34.97165;60.42613;-0.03426402;23.23299;55.01353;0.5731844;0.000564292;-0.8194263;-0.3235373;0.9189082;-0.2256799;0.7528502;0.3944712;0.5268863;0.9189082;0.3944712;0.5268863;1;0;0.1915926;0
15.2137;1526.033;150.065;952.7997;86.1444;35.61975;60.2858;-0.02797646;23.64573;55.01319;0.573185;0.000565246;-0.8194259;-0.3289524;0.9160427;-0.229469;0.7504994;0.4010803;0.5252479;0.9160429;0.4010803;0.5252479;1;0;0.1935477;0
15.2304;1527.462;150.6886;953.7997;85.93683;36.27451;60.14107;-0.03426402;24.0598;55.01282;0.573186;0.000566289;-0.8194251;-0.3343679;0.9131202;-0.2332586;0.7481016;0.40769;0.523577;0.9131203;0.40769;0.523577;1;0;0.1935477;0
15.2471;1528.887;151.3232;954.7969;85.72493;36.93027;59.99332;-0.03426402;24.47513;55.01244;0.5731869;0.000567287;-0.8194246;-0.3397823;0.9101409;-0.2370474;0.7456574;0.4142984;0.5218736;0.9101411;0.4142984;0.5218736;1;0;0.1948613;0
15.2638;1530.308;151.9688;955.7916;85.50732;37.5906;59.84159;-0.03426402;24.89183;55.0121;0.5731875;0.000567943;-0.8194242;-0.3451963;0.9071038;-0.2408364;0.7431661;0.4209066;0.5201367;0.9071041;0.4209066;0.5201367;1;0;0.1942198;0
15.2805;1531.726;152.6254;956.7837;85.28605;38.24993;59.6873;-0.03426402;25.30963;55.01172;0.5731884;0.000568926;-0.8194236;-0.3506066;0.9040105;-0.2446224;0.7406284;0.4275099;0.5183678;0.9040107;0.4275099;0.5183678;1;0;0.1942198;0
15.2972;1533.139;153.293;957.7728;85.06039;38.91002;59.52994;-0.03956468;25.72846;55.01137;0.5731889;0.000569627;-0.8194231;-0.3560112;0.9008614;-0.2484047;0.7380452;0.4341065;0.5165665;0.9008614;0.4341065;0.5165665;1;0;0.1974885;0
15.3139;1534.549;153.9718;958.7593;84.82681;39.57977;59.36705;-0.03426402;26.14874;55.01101;0.5731896;0.000570208;-0.8194227;-0.3614155;0.8976528;-0.2521871;0.7354133;0.440703;0.5147313;0.8976529;0.440703;0.5147313;1;0;0.1987715;0
15.3306;1535.954;154.6618;959.7429;84.58746;40.25339;59.20013;-0.03956468;26.57062;55.01067;0.57319;0.000570774;-0.8194224;-0.3668207;0.8943836;-0.25597;0.7327319;0.4473005;0.5128611;0.8943837;0.4473005;0.5128611;1;0;0.1987715;0
15.3473;1537.355;155.3631;960.7236;84.34375;40.92725;59.03016;-0.03426402;26.99389;55.01028;0.5731908;0.000571758;-0.8194218;-0.372224;0.8910547;-0.2597514;0.7300011;0.4538956;0.5109572;0.8910547;0.4538956;0.5109572;1;0;0.1987715;0
15.364;1538.752;156.0757;961.7012;84.09564;41.60131;58.85712;-0.04423466;27.41848;55.00991;0.5731913;0.000572503;-0.8194214;-0.3776236;0.8876667;-0.2635303;0.7272222;0.4604861;0.5090191;0.8876668;0.4604861;0.5090191;1;0;0.1987715;0
15.3807;1540.145;156.7995;962.676;83.84311;42.27552;58.68099;-0.03426402;27.84426;55.00953;0.5731919;0.000573546;-0.8194211;-0.3830176;0.8842203;-0.2673052;0.7243954;0.4670698;0.5070476;0.8842204;0.4670698;0.5070476;1;0;0.1987715;0
15.3974;1541.533;157.5345;963.6474;83.58612;42.94984;58.50174;-0.03426402;28.27108;55.00916;0.5731924;0.00057441;-0.8194208;-0.3884035;0.8807164;-0.2710746;0.7215216;0.4736438;0.505043;0.8807166;0.4736438;0.505043;1;0;0.1987715;0
15.4141;1542.916;158.2807;964.616;83.32466;43.62421;58.31937;-0.03426402;28.69882;55.00877;0.573193;0.000575304;-0.8194203;-0.3937794;0.8771559;-0.2748371;0.7186012;0.4802055;0.5030062;0.8771561;0.4802055;0.5030062;1;0;0.1987715;0
15.4308;1544.296;159.0382;965.5811;83.05872;44.29857;58.13387;-0.04423466;29.12743;55.00839;0.5731935;0.00057593;-0.81942;-0.3991441;0.8735391;-0.2785919;0.7156349;0.4867536;0.5009368;0.8735393;0.4867536;0.5009368;1;0;0.1987715;0
15.4475;1545.67;159.8069;966.5432;82.78826;44.97285;57.94521;-0.03426402;29.55678;55.00801;0.5731939;0.00057669;-0.8194197;-0.4044957;0.8698671;-0.2823375;0.7126234;0.4932858;0.4988358;0.8698673;0.4932858;0.4988358;1;0;0.1987715;0
15.4642;1547.04;160.5868;967.502;82.51329;45.64699;57.7534;-0.03426402;29.9868;55.00763;0.5731945;0.000577301;-0.8194193;-0.4098328;0.8661404;-0.2860733;0.709567;0.4998005;0.4967035;0.8661405;0.4998005;0.4967035;1;0;0.1994436;0
15.4809;1548.405;161.3779;968.4574;82.23296;46.32268;57.55784;-0.03426402;30.41755;55.00724;0.573195;0.000577807;-0.8194188;-0.4151558;0.8623585;-0.2897992;0.7064653;0.5062979;0.4945394;0.8623585;0.5062979;0.4945394;1;0;0.1994436;0
15.4976;1549.765;162.1803;969.4093;81.94812;46.99802;57.35912;-0.02797646;30.84894;55.00689;0.5731952;0.000577912;-0.8194187;-0.420463;0.8585221;-0.2935145;0.7033195;0.5127764;0.4923437;0.8585222;0.5127764;0.4923437;1;0;0.1994436;0
15.5143;1551.12;162.9938;970.3578;81.65875;47.67295;57.15723;-0.02797646;31.28087;55.00654;0.5731953;0.000577673;-0.8194187;-0.4257531;0.854632;-0.2972181;0.7001297;0.5192339;0.490117;0.8546321;0.5192339;0.490117;1;0;0.1994436;0
15.531;1552.47;163.8186;971.3029;81.36485;48.3474;56.95218;-0.03956468;31.71333;55.0062;0.5731955;0.00057748;-0.8194185;-0.4310252;0.8506886;-0.3009091;0.6968963;0.5256697;0.4878598;0.8506888;0.5256697;0.4878598;1;0;0.2000851;0
15.5477;1553.814;164.6546;972.2443;81.06558;49.02294;56.74337;-0.03956468;32.1464;55.00584;0.5731956;0.000577301;-0.8194185;-0.4362801;0.8466911;-0.3045882;0.6936185;0.5320846;0.4855715;0.8466913;0.5320846;0.4855715;1;0;0.2000851;0
15.5644;1555.154;165.5018;973.1823;80.76179;49.69779;56.53139;-0.02797646;32.57996;55.00546;0.573196;0.000577509;-0.8194182;-0.4415161;0.8426406;-0.3082537;0.690297;0.538476;0.4832532;0.8426408;0.538476;0.4832532;1;0;0.1987715;0
15.5811;1556.489;166.3602;974.1163;80.45521;50.36855;56.31746;-0.04423466;33.01371;55.00511;0.5731959;0.000577435;-0.8194183;-0.4467292;0.83854;-0.3119033;0.6869349;0.5448397;0.4809057;0.8385402;0.5448397;0.4809057;1;0;0.1987715;0
15.5978;1557.818;167.2296;975.0468;80.14407;51.03857;56.10033;-0.03956468;33.44761;55.00474;0.5731962;0.00057748;-0.8194181;-0.4519185;0.8343899;-0.3155363;0.683532;0.5511743;0.4785301;0.8343901;0.5511743;0.4785301;1;0;0.1987715;0
15.6145;1559.142;168.1102;975.9734;79.82837;51.70778;55.88002;-0.03956468;33.88164;55.00436;0.5731963;0.000577495;-0.8194179;-0.4570834;0.8301907;-0.3191523;0.6800888;0.5574792;0.4761262;0.8301907;0.5574792;0.4761262;1;0;0.19813;0
15.6312;1560.46;169.0017;976.8964;79.50901;52.37447;55.65715;-0.04423466;34.31565;55.00402;0.5731962;0.000577316;-0.8194181;-0.4622218;0.8259441;-0.3227498;0.6766073;0.5637518;0.4736949;0.8259443;0.5637518;0.4736949;1;0;0.2007266;0
15.6479;1561.773;169.9045;977.8152;79.1815;53.04666;55.42857;-0.03956468;34.75007;55.00368;0.5731959;0.000577033;-0.8194183;-0.4673385;0.821646;-0.3263321;0.6730835;0.5699978;0.4712338;0.8216463;0.5699978;0.4712338;1;0;0.1987715;0
15.6646;1563.08;170.8183;978.7305;78.85226;53.71278;55.19878;-0.03956468;35.1845;55.00332;0.5731958;0.000576899;-0.8194183;-0.4724284;0.8173007;-0.3298956;0.6695209;0.5762112;0.4687458;0.8173008;0.5762112;0.4687458;1;0;0.19813;0
15.6813;1564.382;171.743;979.6418;78.51942;54.37617;54.96647;-0.04423466;35.61884;55.00296;0.5731955;0.000576913;-0.8194185;-0.4774903;0.8129092;-0.3334394;0.6659205;0.5823903;0.4662313;0.8129093;0.5823903;0.4662313;1;0;0.19813;0
15.698;1565.678;172.6788;980.5489;78.18207;55.03835;54.73099;-0.04423466;36.05307;55.00261;0.5731952;0.0005766;-0.8194187;-0.4825234;0.808472;-0.3369632;0.6622829;0.5885344;0.4636905;0.8084721;0.5885344;0.4636905;1;0;0.19813;0
15.7147;1566.968;173.6254;981.4519;77.84021;55.69924;54.49236;-0.03956468;36.48721;55.00225;0.5731948;0.000576437;-0.819419;-0.4875278;0.8039895;-0.3404669;0.658608;0.5946434;0.4611236;0.8039895;0.5946434;0.4611236;1;0;0.1987715;0
15.7314;1568.252;174.5831;982.3508;77.49294;56.36028;54.24994;-0.03956468;36.92134;55.0019;0.5731945;0.000576273;-0.8194192;-0.4925041;0.7994608;-0.3439509;0.6548954;0.6007181;0.4585303;0.7994609;0.6007181;0.4585303;1;0;0.1987715;0
15.7481;1569.53;175.5516;983.2457;77.14121;57.0198;54.0044;-0.03956468;37.35542;55.00152;0.5731943;0.000576273;-0.8194194;-0.4974517;0.7948867;-0.3474148;0.6511453;0.6067576;0.4559112;0.7948868;0.6067576;0.4559112;1;0;0.1987715;0
15.7648;1570.802;176.531;984.1362;76.78506;57.67772;53.75576;-0.03956468;37.78946;55.00114;0.573194;0.000576139;-0.8194196;-0.50237;0.7902676;-0.3508584;0.6473586;0.6127617;0.4532661;0.7902677;0.6127617;0.4532661;1;0;0.1987715;0
15.7815;1572.068;177.5213;985.0223;76.42449;58.33394;53.50403;-0.04423466;38.22345;55.00072;0.5731941;0.000576466;-0.8194195;-0.5072591;0.7856036;-0.3542814;0.6435347;0.6187299;0.4505957;0.7856036;0.6187299;0.4505957;1;0;0.1987715;0
15.7982;1573.328;178.5224;985.9045;76.05953;58.98839;53.24923;-0.03956468;38.6573;55.00029;0.5731941;0.000576943;-0.8194194;-0.5121177;0.7808959;-0.3576829;0.639675;0.6246609;0.4479004;0.7808959;0.6246609;0.4479004;1;0;0.1987715;0
15.8149;1574.581;179.5343;986.7822;75.69019;59.64098;52.99136;-0.03956468;39.09108;54.99988;0.573194;0.000577271;-0.8194196;-0.5169461;0.7761443;-0.3610635;0.6357795;0.6305552;0.4451796;0.7761445;0.6305552;0.4451796;1;0;0.1987715;0
15.8316;1575.828;180.557;987.6552;75.31649;60.29163;52.73043;-0.04423466;39.52475;54.99945;0.573194;0.00057742;-0.8194196;-0.5217435;0.7713495;-0.3644224;0.6318486;0.6364115;0.4424341;0.7713497;0.6364115;0.4424341;1;0;0.1987715;0
15.8483;1577.069;181.5904;988.524;74.93845;60.94027;52.46647;-0.04423466;39.95829;54.99903;0.5731938;0.00057745;-0.8194197;-0.5265095;0.766512;-0.3677596;0.6278827;0.6422298;0.439664;0.7665122;0.6422298;0.439664;1;0;0.2000851;0
15.865;1578.303;182.6346;989.3882;74.55402;61.58982;52.19804;-0.05233916;40.39195;54.9986;0.5731938;0.000577658;-0.8194197;-0.5312469;0.7616291;-0.3710766;0.6238795;0.6480129;0.436868;0.7616291;0.6480129;0.436868;1;0;0.1994436;0
