Time;X;Y;Z;Vx;Vy;Vz;Roll;Pitch;Yaw;pRight.wRight;pRight.wUp;pRight.wForward;pUp.wRight;pUp.wUp;pUp.wForward;pForward.wRight;pForward.wUp;pForward.wForward;ScalarRoll;ScalarPitch;ScalarYaw;InputAccelerate;InputRoll;InputPitch;InputRoll
13.193;1155.278;89.40446;726.2804;79.99341;-0.6434998;79.09483;2.504365;2.672616;45.31495;0.7039862;-0.04364911;-0.7088711;-0.002392603;0.9979582;-0.06382592;0.7102097;0.04662862;0.7024444;0.9979582;0.04662862;0.7024444;1;0;0;0
13.2097;1156.614;89.39372;727.6012;79.99307;-0.6434287;79.09517;2.504287;2.672689;45.31469;0.7039895;-0.04364805;-0.708868;-0.002393514;0.9979582;-0.06382563;0.7102064;0.04662926;0.7024476;0.9979584;0.04662926;0.7024476;1;0;0;0
13.2264;1157.95;89.38298;728.9221;79.99274;-0.6433576;79.0955;2.504287;2.672689;45.31441;0.703993;-0.04364693;-0.7088645;-0.002394469;0.9979582;-0.06382534;0.710203;0.04662995;0.7024511;0.9979584;0.04662995;0.7024511;1;0;0;0
13.2431;1159.286;89.37224;730.243;79.9924;-0.6432863;79.09584;2.504209;2.672763;45.31409;0.7039969;-0.04364568;-0.7088608;-0.002395485;0.9979582;-0.06382494;0.7101991;0.04663063;0.702455;0.9979584;0.04663063;0.702455;1;0;0;0
13.2598;1160.622;89.3615;731.5641;79.99207;-0.6432149;79.09618;2.504131;2.672763;45.31379;0.7040008;-0.04364443;-0.7088571;-0.00239652;0.9979582;-0.06382456;0.7101953;0.04663134;0.7024588;0.9979585;0.04663134;0.7024588;1;0;1;0
13.2765;1161.957;89.41183;732.881;79.98423;2.478367;78.89689;2.504444;2.862591;45.32179;0.7040045;-0.0436431;-0.7088534;-0.004753016;0.9977981;-0.06615354;0.7101797;0.04994159;0.702247;0.9977983;0.04994159;0.702247;1;0;1;0
13.2932;1163.293;89.52106;734.1941;79.9716;5.516431;78.69798;2.505225;3.2261;45.33746;0.7040077;-0.04364146;-0.7088503;-0.009263212;0.997461;-0.07061018;0.710132;0.05627635;0.701816;0.9974611;0.05627635;0.701816;1;0;1;0
13.3099;1164.627;89.68736;735.5031;79.94591;8.486713;78.49026;2.506475;3.748574;45.3601;0.7040109;-0.04363866;-0.7088473;-0.01574546;0.9969059;-0.07701043;0.7100148;0.06537732;0.7011455;0.9969062;0.06537732;0.7011455;1;0;1;0
13.3266;1165.961;89.90919;736.8076;79.8999;11.40244;78.26575;2.508504;4.416679;45.38919;0.7040138;-0.0436364;-0.7088445;-0.02403301;0.996075;-0.08518753;0.7097796;0.07700887;0.7002019;0.9960752;0.07700887;0.7002019;1;0;1;0
13.3433;1167.293;90.18523;738.1072;79.82713;14.27463;78.01736;2.511234;5.218568;45.42424;0.7040166;-0.04363457;-0.7088419;-0.03397525;0.9948985;-0.09498752;0.7093704;0.09095588;0.6989426;0.9948987;0.09095588;0.6989426;1;0;1;0
13.36;1168.623;90.51438;739.401;79.7218;17.11238;77.73875;2.515128;6.143536;45.4648;0.7040194;-0.04363163;-0.7088391;-0.04543471;0.9932991;-0.106267;0.7087259;0.1070199;0.6973194;0.9932991;0.1070199;0.6973194;1;0;1;0
13.3767;1169.949;90.89568;740.6885;79.57867;19.92303;77.4243;2.520181;7.181684;45.5105;0.7040223;-0.04362773;-0.7088366;-0.05828223;0.9911951;-0.1188928;0.7077823;0.1250158;0.6952807;0.9911951;0.1250158;0.6952807;1;0;1;0
13.3934;1171.271;91.32832;741.9688;79.39296;22.71243;77.06889;2.526929;8.323999;45.56105;0.7040253;-0.04362274;-0.7088339;-0.07239756;0.9885032;-0.1327404;0.7064751;0.1447705;0.692773;0.9885033;0.1447705;0.692773;1;0;1;0
13.4101;1172.589;91.81156;743.2408;79.16033;25.48502;76.66795;2.535127;9.562339;45.61622;0.7040278;-0.04361624;-0.7088319;-0.08766763;0.9851404;-0.1476917;0.7047406;0.1661207;0.6897425;0.9851406;0.1661207;0.6897425;1;0;1;0
13.4268;1173.9;92.34476;744.504;78.87682;28.24403;76.21735;2.545221;10.8892;45.67575;0.7040305;-0.04360908;-0.7088296;-0.1039835;0.9810255;-0.1636349;0.702516;0.1889105;0.6861373;0.9810257;0.1889105;0.6861373;1;0;1;0
13.4435;1175.204;92.92735;745.757;78.5388;30.99156;75.71336;2.557725;12.29775;45.73956;0.7040329;-0.0436014;-0.7088277;-0.1212425;0.9760806;-0.180463;0.6997414;0.2129919;0.6819065;0.9760807;0.2129919;0.6819065;1;0;1;0
13.4602;1176.5;93.55873;746.9988;78.14303;33.72875;75.15269;2.572529;13.7816;45.80753;0.704035;-0.04359256;-0.7088262;-0.1393454;0.970232;-0.1980725;0.6963603;0.2382216;0.6770029;0.9702322;0.2382216;0.6770029;1;0;1;0
13.4769;1177.787;94.23839;748.2283;77.68656;36.45583;74.5324;2.590272;15.33493;45.87962;0.7040368;-0.04358339;-0.7088249;-0.1581954;0.963411;-0.216364;0.6923196;0.2644611;0.6713822;0.9634112;0.2644611;0.6713822;1;0;1;0
13.4936;1179.063;94.96577;749.4443;77.1668;39.17224;73.84995;2.610895;16.95235;45.9558;0.7040387;-0.04357381;-0.7088236;-0.1776994;0.9555546;-0.2352411;0.68757;0.2915764;0.6650044;0.9555548;0.2915764;0.6650044;1;0;1;0
13.5103;1180.326;95.74034;750.6458;76.58147;41.87675;73.10315;2.634925;18.62887;46.03616;0.7040405;-0.04356365;-0.7088225;-0.1977664;0.9466057;-0.2546099;0.6820672;0.3194369;0.6578333;0.9466058;0.3194369;0.6578333;1;0;1;0
13.527;1181.577;96.56151;751.8315;75.9286;44.56749;72.29016;2.66271;20.35982;46.12081;0.7040418;-0.04355327;-0.7088218;-0.2183069;0.936514;-0.2743785;0.6757716;0.3479146;0.6498371;0.9365141;0.3479146;0.6498371;1;0;1;0
13.5437;1182.814;97.42867;753.0001;75.20655;47.24207;71.40951;2.694499;22.14086;46.20993;0.7040427;-0.043543;-0.7088217;-0.2392335;0.9252361;-0.294458;0.668649;0.3768848;0.6409888;0.9252363;0.3768848;0.6409888;1;0;1;0
13.5604;1184.035;98.34118;754.1506;74.41402;49.89763;70.46005;2.730723;23.96791;46.30376;0.7040433;-0.04353371;-0.7088216;-0.2604595;0.9127356;-0.3147613;0.6606694;0.4062248;0.6312665;0.9127357;0.4062248;0.6312665;1;0;1;0
13.5771;1185.24;99.29834;755.2816;73.55002;52.53094;69.441;2.771775;25.83723;46.40249;0.7040439;-0.04352339;-0.7088216;-0.2819029;0.8989828;-0.3352025;0.6518076;0.4358161;0.6206539;0.8989829;0.4358161;0.6206539;1;0;1;0
13.5938;1186.426;100.2994;756.392;72.61385;55.13846;68.35191;2.81814;27.74526;46.50654;0.7040443;-0.04351346;-0.7088218;-0.3034801;0.8839558;-0.3556994;0.6420448;0.4655414;0.6091386;0.883956;0.4655414;0.6091386;1;0;1;0
13.6105;1187.593;101.3436;757.4806;71.60516;57.71637;67.19261;2.870445;29.68864;46.61635;0.7040444;-0.04350413;-0.7088223;-0.3251105;0.8676398;-0.3761707;0.6313673;0.4952864;0.5967132;0.8676398;0.4952864;0.5967132;1;0;1;0
13.6272;1188.74;102.43;758.5461;70.52386;60.26067;65.9633;2.929241;31.66423;46.73243;0.7040443;-0.04349524;-0.708823;-0.3467156;0.850027;-0.3965381;0.6197661;0.5249404;0.5833761;0.8500271;0.5249404;0.5833761;1;0;1;0
13.6439;1189.864;103.5577;759.5876;69.37019;62.76724;64.66444;2.995129;33.66907;46.8554;0.7040437;-0.0434864;-0.708824;-0.3682192;0.8311166;-0.416725;0.6072373;0.5543953;0.5691299;0.8311167;0.5543953;0.5691299;1;0;1;0
13.6606;1190.966;104.7258;760.6038;68.14465;65.23185;63.29681;3.06899;35.70037;46.98596;0.7040429;-0.04347725;-0.7088253;-0.3895468;0.8109152;-0.4366578;0.5937819;0.5835464;0.5539827;0.8109153;0.5835464;0.5539827;1;0;1;0
13.6773;1192.043;105.9332;761.5935;66.84805;67.65025;61.86142;3.151445;37.75546;47.12494;0.7040417;-0.0434663;-0.7088273;-0.4106271;0.7894355;-0.4562642;0.5794056;0.6122927;0.5379471;0.7894357;0.6122927;0.5379471;1;0;1;0
13.694;1193.095;107.1788;762.5559;65.48139;70.0182;60.3596;3.243832;39.83184;47.2734;0.7040398;-0.04345429;-0.7088298;-0.43139;0.7666972;-0.4754768;0.5641194;0.6405367;0.5210396;0.7666973;0.6405367;0.5210396;1;0;1;0
13.7107;1194.122;108.4613;763.4897;64.04598;72.3315;58.79286;3.347377;41.92707;47.43256;0.7040375;-0.04344182;-0.7088329;-0.4517674;0.7427266;-0.4942303;0.5479394;0.6681842;0.5032818;0.7427267;0.6681842;0.5032818;1;0;1;0
13.7274;1195.12;109.7797;764.3943;62.54332;74.58604;57.16297;3.463511;44.03894;47.60391;0.7040347;-0.04342911;-0.7088366;-0.4716956;0.7175545;-0.5124637;0.5308847;0.6951473;0.4846979;0.7175547;0.6951473;0.4846979;1;0;1;0
13.7441;1196.09;111.1326;765.2683;60.97514;76.77782;55.47188;3.59423;46.1652;47.78922;0.7040322;-0.04341762;-0.7088396;-0.4911111;0.6912192;-0.5301188;0.51298;0.7213397;0.4653177;0.6912193;0.7213397;0.4653177;1;0;1;0
13.7608;1197.03;112.5188;766.1111;59.34337;78.90297;53.72174;3.741568;48.30378;47.9907;0.7040296;-0.04340687;-0.7088429;-0.5099566;0.6637633;-0.5471404;0.4942537;0.7466822;0.4451734;0.6637635;0.7466822;0.4451734;1;0;1;0
13.7775;1197.94;113.9367;766.9218;57.65011;80.95782;51.91486;3.908108;50.45277;48.21087;0.7040271;-0.0433962;-0.7088461;-0.5281781;0.6352335;-0.563477;0.4747356;0.7711;0.4243006;0.6352336;0.7711;0.4243006;1;0;1;0
13.7942;1198.819;115.385;767.6993;55.89761;82.93885;50.05369;4.097203;52.61031;48.45303;0.704024;-0.04338533;-0.7088499;-0.5457252;0.6056811;-0.5790808;0.4544607;0.794524;0.4027375;0.6056812;0.794524;0.4027375;1;0;1;0
13.8109;1199.666;116.8623;768.4435;54.08826;84.84277;48.1408;4.312661;54.77454;48.7212;0.7040206;-0.04337466;-0.7088538;-0.5625495;0.5751621;-0.5939081;0.4334664;0.8168888;0.3805255;0.5751622;0.8168888;0.3805255;1;0;1;0
13.8276;1200.479;118.367;769.153;52.22458;86.66647;46.17889;4.559906;56.9438;49.02052;0.704017;-0.04336464;-0.708858;-0.5786074;0.543735;-0.6079193;0.4117932;0.838136;0.3577076;0.5437351;0.838136;0.3577076;1;0;1;0
13.8443;1201.26;119.8976;769.8275;50.30918;88.40709;44.1707;4.84525;59.11641;49.35751;0.7040136;-0.0433557;-0.7088619;-0.5938587;0.5114612;-0.6210794;0.3894828;0.8582121;0.3343284;0.5114613;0.8582121;0.3343284;1;0;1;0
13.861;1202.005;121.4525;770.4664;48.34476;90.062;42.11909;5.177254;61.29076;49.74062;0.7040098;-0.04334685;-0.7088662;-0.608268;0.4784052;-0.6333551;0.3665793;0.8770688;0.3104354;0.4784052;0.8770688;0.3104354;1;0;1;0
13.8777;1202.715;123.0302;771.0691;46.3341;91.62878;40.02696;5.567079;63.46519;50.18107;0.704006;-0.04333889;-0.7088705;-0.621802;0.4446342;-0.6447192;0.3431295;0.8946633;0.2860769;0.4446343;0.8946633;0.2860769;1;0;1;0
13.8944;1203.39;124.6291;771.6351;44.28;93.10526;37.89722;6.029842;65.63809;50.69398;0.7040022;-0.04333147;-0.7088748;-0.6344326;0.4102166;-0.6551473;0.3191808;0.9109582;0.2613025;0.4102167;0.9109582;0.2613025;1;0;1;0
13.9111;1204.029;126.2474;772.1639;42.18534;94.48948;35.73284;6.586629;67.8078;51.3004;0.7039987;-0.04332566;-0.7088786;-0.6461344;0.3752216;-0.6646196;0.2947817;0.9259222;0.2361613;0.3752217;0.9259222;0.2361613;1;0;1;0
13.9278;1204.631;127.8837;772.6553;40.05299;95.77973;33.53677;7.267037;69.97258;52.03003;0.7039955;-0.04332024;-0.7088821;-0.6568874;0.3397189;-0.6731197;0.2699804;0.9395289;0.210704;0.3397189;0.9395289;0.210704;1;0;1;0
13.9445;1205.196;129.5362;773.1088;37.88586;96.97451;31.31199;8.11508;72.13042;52.92686;0.7039926;-0.04331577;-0.7088852;-0.6666742;0.3037786;-0.6806351;0.2448264;0.9517576;0.1849804;0.3037786;0.9517576;0.1849804;1;0;1;0
13.9612;1205.723;131.2032;773.524;35.68682;98.07253;29.06142;9.198106;74.27885;54.05817;0.7039902;-0.04331166;-0.7088878;-0.6754813;0.2674717;-0.6871567;0.2193694;0.962592;0.1590412;0.2674718;0.962592;0.1590412;1;0;1;0
13.9779;1206.212;132.8832;773.901;33.45877;99.0727;26.788;10.62466;76.41454;55.53265;0.7039881;-0.04330856;-0.7088901;-0.6832985;0.2308685;-0.6926783;0.1936594;0.9720208;0.132936;0.2308686;0.9720208;0.132936;1;0;1;0
13.9946;1206.663;134.5744;774.2391;31.20457;99.97415;24.49462;12.58158;78.53251;57.53706;0.7039871;-0.04330701;-0.7088912;-0.6901186;0.1940379;-0.6971987;0.1677454;0.9800379;0.1067131;0.1940379;0.9800379;0.1067131;1;0;1;0
14.0113;1207.076;136.2752;774.5387;28.92704;100.7762;22.18411;15.41604;80.62427;60.41865;0.7039863;-0.04330522;-0.7088921;-0.6959395;0.1570469;-0.7007172;0.1416741;0.9866413;0.08042108;0.157047;0.9866413;0.08042108;1;0;1;0
14.028;1207.45;137.9839;774.7993;26.62898;101.4783;19.8593;19.84829;82.6726;64.89777;0.7039849;-0.04330334;-0.7088936;-0.7007614;0.1199625;-0.7032373;0.1154933;0.9918337;0.05410647;0.1199626;0.9918337;0.05410647;1;0;1;0
14.0447;1207.785;139.6989;775.0209;24.31314;102.0801;17.52292;27.59365;84.63596;72.6897;0.7039838;-0.04330125;-0.7088948;-0.7045859;0.08285017;-0.7047657;0.08924937;0.995621;0.02781568;0.08285021;0.995621;0.02781568;1;0;1;0
14.0614;1208.081;141.4185;775.2035;21.98222;102.5813;15.17768;43.4095;86.38749;88.5519;0.7039822;-0.04329985;-0.7088965;-0.7074189;0.04577313;-0.7053109;0.06298834;0.9980131;0.001592323;0.04577318;0.9980131;0.001592323;1;0;1;0
14.0781;1208.338;143.141;775.3473;19.63888;102.9821;12.82622;78.52144;87.46773;123.71;0.7039802;-0.04329813;-0.7088987;-0.7092681;0.008792177;-0.7048844;0.03675315;0.9990237;-0.02452055;0.008792278;0.9990237;-0.02452055;1;0;1;0
14.0948;1208.556;144.8649;775.452;17.2857;103.2824;10.47111;122.9213;87.04339;168.1558;0.7039779;-0.04329681;-0.708901;-0.7101431;-0.02803302;-0.7034994;0.01058683;0.9986691;-0.05048163;-0.02803294;0.9986691;-0.05048163;1;0;1;0
14.1115;1208.735;146.5884;775.5179;14.92523;103.4824;8.114863;146.1879;85.53761;-168.5319;0.7039757;-0.04329598;-0.7089032;-0.7100556;-0.06464547;-0.7011721;-0.01546934;0.9969688;-0.07625143;-0.06464542;0.9969688;-0.07625143;1;0;1;0
14.1282;1208.875;148.3101;775.5452;12.55996;103.5824;5.759936;156.7951;83.69155;-157.8792;0.7039735;-0.04329526;-0.7089054;-0.70902;-0.1009918;-0.6979195;-0.04137689;0.9939449;-0.1017928;-0.1009917;0.9939449;-0.1017928;1;0;1;0
14.1449;1208.976;150.0282;775.5338;10.19232;103.5829;3.408711;162.4646;81.73818;-152.1643;0.7039714;-0.043295;-0.7089076;-0.7070519;-0.1370195;-0.6937606;-0.06709757;0.989622;-0.1270697;-0.1370194;0.989622;-0.1270697;1;0;1;0
14.1616;1209.038;151.7413;775.4843;7.824675;103.4845;1.063509;165.9247;79.74534;-148.6588;0.7039692;-0.04329446;-0.7089097;-0.7041686;-0.1726789;-0.6887157;-0.09259599;0.9840266;-0.1520474;-0.1726789;0.9840266;-0.1520474;1;0;1;0
14.1783;1209.061;153.4477;775.3964;5.459341;103.2876;-1.273408;168.2378;77.73793;-146.3007;0.7039675;-0.0432944;-0.7089115;-0.7003887;-0.2079241;-0.6828061;-0.1178379;0.9771867;-0.1766948;-0.207924;0.9771867;-0.1766948;1;0;1;0
14.195;1209.045;155.146;775.2706;3.098572;102.9931;-3.599844;169.886;75.72705;-144.6073;0.703965;-0.04329419;-0.708914;-0.6957328;-0.2427105;-0.6760535;-0.1427914;0.9691326;-0.200981;-0.2427104;0.9691326;-0.200981;1;0;1;0
14.2117;1208.991;156.8345;775.1074;0.7445669;102.6016;-5.913657;171.1166;73.71835;-143.3315;0.7039617;-0.04329371;-0.7089173;-0.690222;-0.2769967;-0.6684811;-0.1674265;0.9598954;-0.2248774;-0.2769966;0.9598954;-0.2248774;1;0;1;0
14.2284;1208.899;158.5117;774.9069;-1.600533;102.1141;-8.212762;172.0684;71.71493;-142.3346;0.703958;-0.04329386;-0.708921;-0.6838779;-0.3107438;-0.6601133;-0.1917138;0.9495075;-0.2483583;-0.3107438;0.9495075;-0.2483583;1;0;1;0
14.2451;1208.769;160.1763;774.6693;-3.934635;101.5313;-10.49513;172.825;69.71871;-141.5329;0.7039537;-0.0432944;-0.7089252;-0.6767235;-0.3439151;-0.650975;-0.2156263;0.9380025;-0.2713987;-0.343915;0.9380025;-0.2713987;1;0;1;0
14.2618;1208.6;161.8265;774.3954;-6.255696;100.8543;-12.7588;173.4398;67.73083;-140.8728;0.7039493;-0.04329482;-0.7089295;-0.6687809;-0.3764772;-0.6410913;-0.2391395;0.9254142;-0.2939758;-0.3764771;0.9254142;-0.2939758;1;0;1;0
14.2785;1208.395;163.4611;774.0851;-8.561724;100.0841;-15.00183;173.9485;65.75207;-140.3189;0.7039457;-0.04329553;-0.7089331;-0.660073;-0.4083976;-0.6304882;-0.262229;0.911777;-0.316068;-0.4083975;0.911777;-0.316068;1;0;1;0
14.2952;1208.153;165.0786;773.7393;-10.85077;99.2217;-17.22237;174.3756;63.78288;-139.8464;0.7039417;-0.04329652;-0.7089369;-0.6506253;-0.4396473;-0.6191906;-0.2848734;0.8971264;-0.3376558;-0.4396473;0.8971264;-0.3376558;1;0;1;0
14.3119;1207.874;166.6774;773.358;-13.12091;98.26824;-19.41857;174.7388;61.82351;-139.4378;0.7039381;-0.04329744;-0.7089405;-0.6404608;-0.4702;-0.6072253;-0.3070523;0.8814976;-0.3587221;-0.4702;0.8814976;-0.3587221;1;0;1;0
14.3286;1207.559;168.2563;772.9421;-15.37031;97.22486;-21.58867;175.0511;59.87418;-139.0801;0.7039353;-0.04329824;-0.7089431;-0.6296037;-0.5000296;-0.5946175;-0.3287465;0.8649255;-0.3792492;-0.5000295;0.8649255;-0.3792492;1;0;1;0
14.3453;1207.208;169.8139;772.4919;-17.59712;96.09274;-23.73093;175.3217;57.93488;-138.7638;0.7039326;-0.04329893;-0.7089459;-0.6180788;-0.5291144;-0.5813926;-0.3499396;0.8474455;-0.3992231;-0.5291144;0.8474455;-0.3992231;1;0;1;0
14.362;1206.821;171.3487;772.0079;-19.79956;94.87312;-25.84364;175.5583;56.00558;-138.4814;0.7039301;-0.04329979;-0.7089483;-0.60591;-0.5574332;-0.5675756;-0.3706151;0.8290924;-0.41863;-0.5574332;0.8290924;-0.41863;1;0;1;0
14.3787;1206.4;172.8595;771.4907;-21.97587;93.56725;-27.92513;175.7665;54.08622;-138.2272;0.7039279;-0.0433006;-0.7089503;-0.5931215;-0.584967;-0.5531918;-0.3907588;0.8099008;-0.4374573;-0.584967;0.8099008;-0.4374573;1;0;1;0
14.3954;1205.944;174.3449;770.941;-24.12434;92.17645;-29.97379;175.9509;52.17666;-137.9966;0.703926;-0.04330125;-0.7089522;-0.5797373;-0.6116983;-0.5382661;-0.4103571;0.7899055;-0.4556938;-0.6116983;0.7899055;-0.4556938;1;0;1;0
14.4121;1205.454;175.8035;770.3591;-26.24327;90.70203;-31.98801;176.1149;50.27675;-137.7862;0.7039249;-0.04330182;-0.7089533;-0.5657806;-0.6376114;-0.5228235;-0.4293973;0.7691405;-0.47333;-0.6376114;0.7691405;-0.47333;1;0;1;0
14.4288;1204.931;177.2342;769.746;-28.331;89.14538;-33.96623;176.2615;48.38629;-137.5929;0.7039238;-0.04330236;-0.7089543;-0.5512757;-0.6626921;-0.5068874;-0.4478688;0.7476394;-0.4903563;-0.6626921;0.7476394;-0.4903563;1;0;1;0
14.4455;1204.375;178.6356;769.1019;-30.38591;87.5079;-35.90693;176.3929;46.50504;-137.4143;0.7039234;-0.04330286;-0.7089548;-0.536245;-0.6869277;-0.490482;-0.4657611;0.7254351;-0.5067655;-0.6869277;0.7254351;-0.5067655;1;0;1;0
14.4622;1203.788;180.0066;768.4279;-32.40638;85.79105;-37.80858;176.5113;44.63278;-137.2485;0.7039232;-0.04330355;-0.7089548;-0.5207117;-0.7103056;-0.4736302;-0.4830646;0.7025604;-0.5225493;-0.7103056;0.7025604;-0.5225493;1;0;1;0
14.4789;1203.168;181.3458;767.7245;-34.39083;83.9963;-39.66972;176.6182;42.76918;-137.0938;0.7039231;-0.0433042;-0.708955;-0.5046983;-0.7328171;-0.4563546;-0.499772;0.6790469;-0.5377026;-0.7328171;0.6790469;-0.5377026;1;0;1;0
14.4956;1202.518;182.6522;766.9924;-36.33771;82.12518;-41.4889;176.7149;40.914;-136.9488;0.7039223;-0.04330504;-0.7089558;-0.4882271;-0.754452;-0.4386769;-0.5158758;0.6549258;-0.5522184;-0.7544519;0.6549258;-0.5522184;1;0;1;0
14.5123;1201.837;183.9245;766.2324;-38.24549;80.17923;-43.26467;176.8025;39.06692;-136.8122;0.7039213;-0.0433061;-0.7089566;-0.4713193;-0.7752022;-0.4206194;-0.531369;0.6302279;-0.5660926;-0.7752022;0.6302279;-0.5660926;1;0;1;0
14.529;1201.127;185.1616;765.4453;-40.11265;78.16006;-44.99564;176.882;37.2276;-136.6831;0.7039195;-0.04330745;-0.7089583;-0.4539964;-0.7950603;-0.4022027;-0.546246;0.6049828;-0.57932;-0.7950602;0.6049828;-0.57932;1;0;1;0
14.5457;1200.389;186.3624;764.6317;-41.93772;76.06931;-46.68043;176.9545;35.39571;-136.5606;0.7039175;-0.04330915;-0.7089602;-0.4362787;-0.81402;-0.3834485;-0.5605009;0.5792203;-0.5918978;-0.81402;0.5792203;-0.5918978;1;0;1;0
14.5624;1199.622;187.5258;763.7927;-43.71923;73.90865;-48.31768;177.0203;33.57094;-136.444;0.7039145;-0.04331194;-0.708963;-0.4181873;-0.8320752;-0.3643763;-0.5741287;0.5529691;-0.6038223;-0.8320752;0.5529691;-0.6038223;1;0;1;0
14.5791;1198.827;188.6507;762.9288;-45.45573;71.67981;-49.90605;177.0802;31.75293;-136.3326;0.7039111;-0.04331517;-0.7089663;-0.3997415;-0.8492218;-0.3450071;-0.5871253;0.5262575;-0.6150917;-0.8492219;0.5262575;-0.6150917;1;0;1;0
14.5958;1198.007;189.7361;762.041;-47.14581;69.38454;-51.44424;177.1345;29.94129;-136.2258;0.7039075;-0.04331917;-0.7089695;-0.3809603;-0.8654541;-0.3253598;-0.599486;0.4991125;-0.6257026;-0.8654541;0.4991125;-0.6257026;1;0;1;0
14.6125;1197.16;190.7811;761.1302;-48.78806;67.02467;-52.93097;177.184;28.13569;-136.1232;0.7039044;-0.04332274;-0.7089725;-0.3618622;-0.8807689;-0.305455;-0.6112074;0.4715614;-0.6356541;-0.8807689;0.4715614;-0.6356541;1;0;1;0
14.6292;1196.289;191.7845;760.1973;-50.3811;64.60204;-54.36497;177.2291;26.33578;-136.0243;0.7039015;-0.04332566;-0.7089751;-0.3424659;-0.895162;-0.2853117;-0.622286;0.4436311;-0.6449436;-0.895162;0.4436311;-0.6449436;1;0;1;0
14.6459;1195.394;192.7455;759.2429;-51.92358;62.11857;-55.74503;177.2699;24.54118;-135.9287;0.7038988;-0.04332836;-0.7089775;-0.32279;-0.9086305;-0.2649477;-0.6327189;0.4153472;-0.6535699;-0.9086305;0.4153472;-0.6535699;1;0;1;0
14.6626;1194.475;193.6632;758.2684;-53.41416;59.57619;-57.06992;177.3068;22.75148;-135.836;0.7038959;-0.04333113;-0.7089804;-0.3028525;-0.9211729;-0.2443808;-0.6425038;0.3867351;-0.6615328;-0.9211728;0.3867351;-0.6615328;1;0;1;0
14.6793;1193.535;194.5366;757.2744;-54.85153;56.97692;-58.33847;177.3401;20.96639;-135.7459;0.7038927;-0.04333459;-0.7089832;-0.282672;-0.9327844;-0.2236286;-0.6516377;0.3578202;-0.6688296;-0.9327844;0.3578202;-0.6688296;1;0;1;0
14.696;1192.573;195.365;756.2621;-56.2344;54.32281;-59.54953;177.3699;19.1855;-135.6582;0.7038897;-0.04333847;-0.708986;-0.2622659;-0.9434649;-0.2027091;-0.6601182;0.3286277;-0.6754614;-0.9434648;0.3286277;-0.6754614;1;0;1;0
14.7127;1191.59;196.1475;755.2322;-57.56152;51.61597;-60.70198;177.3965;17.40847;-135.5725;0.7038866;-0.0433428;-0.7089888;-0.2416516;-0.9532114;-0.1816397;-0.6679432;0.2991821;-0.6814266;-0.9532113;0.2991821;-0.6814266;1;0;1;0
14.7294;1190.588;196.8833;754.1859;-58.83165;48.85856;-61.79472;177.4201;15.63495;-135.4886;0.7038834;-0.04334759;-0.7089918;-0.2208463;-0.9620227;-0.1604374;-0.6751113;0.2695074;-0.686725;-0.9620227;0.2695074;-0.686725;1;0;1;0
14.7461;1189.568;197.5717;753.1243;-60.04359;46.05279;-62.82669;177.4407;13.86456;-135.4063;0.7038801;-0.04335306;-0.7089946;-0.1998671;-0.9698966;-0.1391189;-0.6816201;0.2396277;-0.6913558;-0.9698966;0.2396277;-0.6913558;1;0;1;0
14.7628;1188.53;198.212;752.0481;-61.19617;43.20093;-63.79686;177.4585;12.09695;-135.3253;0.7038763;-0.04335923;-0.7089981;-0.1787309;-0.9768332;-0.117701;-0.687469;0.2095667;-0.6953195;-0.9768332;0.2095667;-0.6953195;1;0;1;0
14.7795;1187.476;198.8035;750.9586;-62.28826;40.30531;-64.70424;177.4736;10.33181;-135.2454;0.7038723;-0.04336573;-0.7090016;-0.1574541;-0.9828298;-0.09620076;-0.6926559;0.1793483;-0.698615;-0.9828299;0.1793483;-0.698615;1;0;1;0
14.7962;1186.407;199.3456;749.8568;-63.31873;37.36829;-65.54787;177.4861;8.568756;-135.1665;0.7038682;-0.04337342;-0.7090054;-0.1360541;-0.9878868;-0.07463436;-0.6971794;0.1489958;-0.7012433;-0.9878868;0.1489958;-0.7012433;1;0;1;0
14.8129;1185.323;199.8377;748.7439;-64.28652;34.39233;-66.32684;177.496;6.807461;-135.0883;0.7038637;-0.04338184;-0.7090091;-0.1145471;-0.9920021;-0.05301866;-0.7010384;0.1185329;-0.7032037;-0.9920021;0.1185329;-0.7032037;1;0;1;0
14.8296;1184.225;200.2793;747.6208;-65.19061;31.37991;-67.04026;177.5035;5.047525;-135.0109;0.7038599;-0.04339013;-0.7090125;-0.09294914;-0.9951771;-0.03137088;-0.7042314;0.08798279;-0.7044985;-0.9951771;0.08798279;-0.7044985;1;0;1;0
14.8463;1183.116;200.6698;746.4888;-66.02998;28.33358;-67.6873;177.5085;3.288786;-134.9338;0.7038557;-0.04339899;-0.7090161;-0.0712771;-0.9974101;-0.00970676;-0.7067581;0.05736876;-0.7051263;-0.9974101;0.05736876;-0.7051263;1;0;1;0
14.863;1181.995;201.0088;745.3488;-66.80368;25.25593;-68.26717;177.5112;1.530718;-134.857;0.7038519;-0.04340826;-0.7090194;-0.04954736;-0.9987007;0.01195714;-0.7086168;0.02671397;-0.7050883;-0.9987007;0.02671397;-0.7050883;1;0;1;0
14.8797;1180.865;201.2959;744.202;-67.5108;22.14964;-68.77913;177.5116;-0.2264194;-134.7803;0.7038479;-0.04341857;-0.7090226;-0.02777757;-0.9990494;0.03360415;-0.7098075;-0.003957285;-0.704385;-0.9990494;-0.003957285;-0.704385;1;0;1;0
14.8964;1179.725;201.5307;743.0498;-68.15048;19.0174;-69.22247;177.5095;-1.984062;-134.7036;0.7038443;-0.04342866;-0.7090256;-0.005983014;-0.998457;0.05521737;-0.7103292;-0.03462232;-0.7030182;-0.998457;-0.03462232;-0.7030182;1;0;1;0
14.9131;1178.578;201.7129;741.8929;-68.72189;15.86199;-69.59656;177.505;-3.741568;-134.6267;0.7038406;-0.04343924;-0.7090285;0.01581871;-0.9969226;0.07678028;-0.7101818;-0.06525701;-0.7009875;-0.9969226;-0.06525701;-0.7009875;1;0;1;0
14.9298;1177.424;201.8421;740.7329;-69.22427;12.68623;-69.90079;177.4982;-5.499502;-134.5495;0.7038371;-0.04345002;-0.7090315;0.03761066;-0.9944487;0.09827574;-0.7093651;-0.09583726;-0.6982958;-0.9944487;-0.09583726;-0.6982958;1;0;1;0
14.9465;1176.265;201.9183;739.5707;-69.65688;9.492967;-70.13463;177.489;-7.258123;-134.4717;0.7038338;-0.04346086;-0.709034;0.05937611;-0.991035;0.119687;-0.7078789;-0.1263394;-0.6949436;-0.991035;-0.1263394;-0.6949436;1;0;1;0
14.9632;1175.101;201.9412;738.4075;-70.01907;6.285136;-70.2976;177.4773;-9.017702;-134.3933;0.7038311;-0.04347132;-0.7090361;0.08109818;-0.9866831;0.1409968;-0.705723;-0.1567395;-0.6909329;-0.9866831;-0.1567395;-0.6909329;1;0;1;0
14.9799;1173.935;201.9107;737.2446;-70.31023;3.0657;-70.38928;177.463;-10.77848;-134.314;0.7038283;-0.04348268;-0.7090381;0.1027581;-0.9813949;0.1621884;-0.7028987;-0.1870122;-0.6862653;-0.9813949;-0.1870122;-0.6862653;1;0;1;0
14.9966;1172.766;201.8266;736.0831;-70.52982;-0.1623271;-70.40931;177.4462;-12.54069;-134.2337;0.7038258;-0.04349351;-0.70904;0.1243394;-0.975173;0.1832435;-0.6994062;-0.2171331;-0.6809441;-0.975173;-0.2171331;-0.6809441;1;0;1;0
15.0133;1171.597;201.6891;734.9243;-70.67733;-3.39589;-70.35738;177.4269;-14.30465;-134.1523;0.7038237;-0.04350412;-0.7090414;0.1458242;-0.9680192;0.2041451;-0.6952465;-0.2470776;-0.6749712;-0.9680192;-0.2470776;-0.6749712;1;0;1;0
15.03;1170.428;201.498;733.7693;-70.75235;-6.631889;-70.23328;177.4046;-16.07052;-134.0694;0.7038223;-0.04351365;-0.7090423;0.1671951;-0.9599365;0.2248751;-0.6904203;-0.2768205;-0.6683496;-0.9599365;-0.2768205;-0.6683496;1;0;1;0
15.0467;1169.262;201.2535;732.6193;-70.75452;-9.867188;-70.03684;177.3794;-17.83855;-133.985;0.7038211;-0.04352322;-0.7090427;0.1884328;-0.9509282;0.2454161;-0.6849299;-0.306336;-0.6610823;-0.9509282;-0.306336;-0.6610823;1;0;1;0
15.0634;1168.098;200.9558;731.4756;-70.68353;-13.09861;-69.76797;177.3512;-19.60896;-133.8988;0.7038205;-0.04353173;-0.7090428;0.2095202;-0.9409988;0.2657497;-0.6787769;-0.3355989;-0.6531734;-0.9409987;-0.3355989;-0.6531734;1;0;1;0
15.0801;1166.938;200.6049;730.3392;-70.53918;-16.32295;-69.42665;177.3201;-21.3819;-133.8105;0.7038199;-0.0435398;-0.7090429;0.2304379;-0.9301529;0.2858578;-0.6719643;-0.3645827;-0.644627;-0.9301528;-0.3645827;-0.644627;1;0;1;0
15.0968;1165.784;200.2012;729.2114;-70.3213;-19.53697;-69.01293;177.2852;-23.15755;-133.7199;0.7038195;-0.04354875;-0.7090427;0.2511659;-0.9183952;0.3057227;-0.6644952;-0.393261;-0.6354465;-0.9183951;-0.393261;-0.6354465;1;0;1;0
15.1135;1164.637;199.745;728.0935;-70.02984;-22.7374;-68.52694;177.2468;-24.93611;-133.6267;0.7038196;-0.04355713;-0.7090423;0.2716865;-0.9057321;0.3253253;-0.6563722;-0.4216075;-0.6256382;-0.9057321;-0.4216075;-0.6256382;1;0;1;0
15.1302;1163.497;199.2365;726.9866;-69.66478;-25.92095;-67.96888;177.2044;-26.71771;-133.5306;0.70382;-0.04356542;-0.7090413;0.2919797;-0.8921696;0.344647;-0.6475996;-0.4495951;-0.6152066;-0.8921696;-0.4495951;-0.6152066;1;0;1;0
15.1469;1162.366;198.6763;725.8918;-69.2262;-29.08431;-67.33904;177.1579;-28.50254;-133.4312;0.7038202;-0.0435731;-0.7090406;0.3120275;-0.8777152;0.3636689;-0.6381818;-0.4771977;-0.6041577;-0.8777152;-0.4771977;-0.6041577;1;0;1;0
15.1636;1161.246;198.0647;724.8105;-68.71428;-32.22416;-66.63777;177.107;-30.29068;-133.3282;0.70382;-0.04358096;-0.7090403;0.3318093;-0.8623775;0.3823722;-0.6281242;-0.5043874;-0.5924981;-0.8623775;-0.5043874;-0.5924981;1;0;1;0
15.1803;1160.137;197.4024;723.7437;-68.12924;-35.33716;-65.86554;177.0513;-32.08227;-133.2211;0.7038203;-0.04358791;-0.7090396;0.3513057;-0.8461647;0.4007374;-0.6174313;-0.5311367;-0.5802354;-0.8461646;-0.5311367;-0.5802354;1;0;1;0
15.197;1159.041;196.6898;722.6925;-67.47142;-38.41998;-65.02287;176.9901;-33.87743;-133.1095;0.7038209;-0.0435956;-0.7090386;0.3704959;-0.829087;0.4187465;-0.6061098;-0.5574183;-0.5673769;-0.829087;-0.5574183;-0.5673769;1;0;1;0
15.2137;1157.958;195.9277;721.6582;-66.74123;-41.46925;-64.11037;176.923;-35.67624;-132.9929;0.7038217;-0.04360311;-0.7090374;0.3893606;-0.811155;0.4363796;-0.5941662;-0.5832046;-0.5539313;-0.8111549;-0.5832046;-0.5539313;1;0;1;0
15.2304;1156.891;195.1166;720.6417;-65.93916;-44.48166;-63.12874;176.8498;-37.47882;-132.8706;0.7038229;-0.04361004;-0.7090356;0.4078803;-0.7923793;0.4536178;-0.5816073;-0.6084682;-0.539907;-0.7923793;-0.6084682;-0.539907;1;0;1;0
15.2471;1155.84;194.2574;719.6444;-65.0658;-47.45384;-62.07877;176.7695;-39.28523;-132.7419;0.7038241;-0.04361771;-0.709034;0.4260341;-0.7727735;0.4704425;-0.5684423;-0.6331814;-0.525314;-0.7727736;-0.6331814;-0.525314;1;0;1;0
15.2638;1154.806;193.3508;718.6672;-64.12181;-50.3825;-60.96133;176.6814;-41.09552;-132.6061;0.7038254;-0.04362552;-0.7090323;0.4438024;-0.7523513;0.4868343;-0.5546795;-0.6573165;-0.5101629;-0.7523513;-0.6573165;-0.5101629;1;0;1;0
15.2805;1153.791;192.3978;717.7113;-63.10797;-53.26431;-59.77738;176.5848;-42.90976;-132.4622;0.7038266;-0.04363218;-0.7090306;0.4611659;-0.7311264;0.5027732;-0.5403278;-0.6808459;-0.4944646;-0.7311263;-0.6808459;-0.4944646;1;0;1;0
15.2972;1152.795;191.3992;716.7778;-62.02512;-56.09601;-58.52796;176.4785;-44.728;-132.3093;0.7038279;-0.04363877;-0.709029;0.4781041;-0.7091147;0.518241;-0.525398;-0.7037421;-0.4782309;-0.7091146;-0.7037421;-0.4782309;1;0;1;0
15.3139;1151.821;190.3559;715.8676;-60.8742;-58.87434;-57.21422;176.3613;-46.55022;-132.146;0.7038295;-0.0436452;-0.7090269;0.4945965;-0.6863325;0.5332192;-0.5099005;-0.7259777;-0.4614744;-0.6863325;-0.7259777;-0.4614744;1;0;1;0
15.3306;1150.868;189.2691;714.9817;-59.65624;-61.59608;-55.83736;176.2319;-48.37644;-131.9709;0.7038315;-0.04365186;-0.7090245;0.510623;-0.662798;0.5476891;-0.4938475;-0.7475252;-0.4442085;-0.6627979;-0.7475252;-0.4442085;1;0;1;0
15.3473;1149.938;188.1398;714.1211;-58.37236;-64.25805;-54.39871;176.0885;-50.20658;-131.7823;0.7038339;-0.04365911;-0.7090217;0.5261636;-0.6385307;0.5616324;-0.4772523;-0.7683573;-0.4264478;-0.6385307;-0.7683573;-0.4264478;1;0;1;0
15.364;1149.032;186.969;713.287;-57.02378;-66.85712;-52.89966;175.929;-52.04068;-131.5782;0.7038369;-0.04366677;-0.7090183;0.5411988;-0.6135502;0.575031;-0.4601278;-0.7884479;-0.408207;-0.6135502;-0.7884479;-0.408207;1;0;1;0
15.3807;1148.151;185.758;712.4801;-55.6118;-69.39022;-51.34168;175.7511;-53.87862;-131.3559;0.7038403;-0.04367509;-0.7090144;0.555709;-0.5878779;0.587867;-0.4424888;-0.8077701;-0.3895016;-0.5878779;-0.8077701;-0.3895016;1;0;1;0
15.3974;1147.296;184.508;711.7013;-54.13782;-71.85432;-49.72635;175.5518;-55.72041;-131.1126;0.703844;-0.04368305;-0.7090102;0.5696765;-0.5615353;0.6001225;-0.4243494;-0.826299;-0.3703481;-0.5615353;-0.826299;-0.3703481;1;0;1;0
15.4141;1146.468;183.2203;710.9517;-52.60331;-74.24645;-48.05531;175.3274;-57.56593;-130.8446;0.7038475;-0.04369015;-0.7090063;0.583083;-0.5345463;0.6117801;-0.4057253;-0.8440093;-0.3507641;-0.5345463;-0.8440093;-0.3507641;1;0;1;0
15.4308;1145.667;181.8961;710.2319;-51.00983;-76.56374;-46.3303;175.0732;-59.41507;-130.5471;0.7038515;-0.04369801;-0.7090019;0.5959088;-0.5069354;0.622824;-0.3866341;-0.860876;-0.3307672;-0.5069353;-0.860876;-0.3307672;1;0;1;0
15.4475;1144.896;180.5369;709.543;-49.35904;-78.80335;-44.55313;174.7836;-61.26768;-130.2145;0.7038559;-0.04370579;-0.708997;0.6081367;-0.4787275;0.6332379;-0.3670924;-0.8768752;-0.3103761;-0.4787274;-0.8768752;-0.3103761;1;0;1;0
15.4642;1144.154;179.1441;708.8855;-47.65267;-80.96257;-42.72568;174.451;-63.12353;-129.8391;0.7038604;-0.04371369;-0.708992;0.619749;-0.44995;0.6430055;-0.3471191;-0.8919832;-0.2896105;-0.44995;-0.8919832;-0.2896105;1;0;1;0
15.4809;1143.443;177.719;708.2604;-45.89254;-83.03873;-40.84993;174.066;-64.98241;-129.4116;0.7038645;-0.04372019;-0.7089875;0.6307305;-0.4206304;0.6521113;-0.3267321;-0.906178;-0.2684911;-0.4206304;-0.906178;-0.2684911;1;0;1;0
15.4976;1142.762;176.2632;707.6682;-44.08054;-85.02929;-38.92792;173.6157;-66.84393;-128.9189;0.7038682;-0.04372659;-0.7089835;0.6410636;-0.3907985;0.6605408;-0.3059528;-0.9194372;-0.2470391;-0.3907985;-0.9194372;-0.2470391;1;0;1;0
15.5143;1142.115;174.7782;707.1096;-42.21864;-86.93178;-36.96176;173.0829;-68.70761;-128.3438;0.7038718;-0.04373258;-0.7089795;0.6507323;-0.3604845;0.6682804;-0.2848016;-0.9317396;-0.2252767;-0.3604844;-0.9317396;-0.2252767;1;0;1;0
15.531;1141.5;173.2656;706.5854;-40.30891;-88.74384;-34.95364;172.4435;-70.57287;-127.6625;0.7038765;-0.04373917;-0.7089746;0.6597204;-0.3297194;0.6753182;-0.2633003;-0.9430655;-0.2032262;-0.3297194;-0.9430655;-0.2032262;1;0;1;0
15.5477;1140.918;171.727;706.0962;-38.35345;-90.46321;-32.9058;171.6637;-72.43888;-126.8408;0.7038811;-0.04374504;-0.7089696;0.6680146;-0.2985352;0.6816406;-0.2414705;-0.953396;-0.1809111;-0.2985351;-0.953396;-0.1809111;1;0;1;0
15.5644;1140.371;170.164;705.6425;-36.35448;-92.08777;-30.82055;170.6928;-74.30442;-125.8282;0.7038866;-0.04375172;-0.7089636;0.6756;-0.2669649;0.687237;-0.2193361;-0.9627127;-0.1583544;-0.2669649;-0.9627127;-0.1583544;1;0;1;0
15.5811;1139.858;168.5782;705.2246;-34.31424;-93.61548;-28.70027;169.4538;-76.16759;-124.5477;0.7038928;-0.04375887;-0.7089571;0.6824638;-0.235044;0.6920966;-0.1969214;-0.9709994;-0.135582;-0.235044;-0.9709994;-0.135582;1;0;1;0
15.5978;1139.381;166.9714;704.8433;-32.23507;-95.04445;-26.54737;167.8224;-78.02563;-122.8748;0.7038996;-0.04376552;-0.70895;0.6885948;-0.2028056;0.6962094;-0.1742488;-0.9782408;-0.1126182;-0.2028056;-0.9782408;-0.1126182;1;0;1;0
15.6145;1138.94;165.3453;704.4988;-30.11936;-96.3729;-24.36433;165.5844;-79.8735;-120.5955;0.7039065;-0.04377183;-0.7089428;0.6939818;-0.1702863;0.6995659;-0.1513444;-0.9844222;-0.0894889;-0.1702863;-0.9844222;-0.0894889;1;0;1;0
15.6312;1138.535;163.7016;704.1917;-27.96953;-97.59918;-22.15367;162.3419;-81.70198;-117.3118;0.7039135;-0.04377824;-0.7089354;0.6986144;-0.1375222;0.7021582;-0.1282334;-0.989531;-0.06621968;-0.1375221;-0.989531;-0.06621968;1;0;1;0
15.6479;1138.167;162.0421;703.9221;-25.78809;-98.72178;-19.91796;157.2766;-83.49162;-112.2053;0.7039216;-0.04378492;-0.708927;0.7024826;-0.1045508;0.7039801;-0.1049423;-0.9935556;-0.04283755;-0.1045507;-0.9935556;-0.04283755;1;0;1;0
15.6646;1137.837;160.3685;703.6906;-23.57757;-99.73932;-17.65981;148.482;-85.19485;-103.3695;0.7039292;-0.04379079;-0.7089189;0.7055792;-0.07140969;0.7050242;-0.08149713;-0.9964855;-0.01936954;-0.07140965;-0.9964855;-0.01936954;1;0;1;0
15.6813;1137.544;158.6827;703.4972;-21.34055;-100.6506;-15.38185;131.0497;-86.67076;-85.89581;0.7039362;-0.04379565;-0.7089118;0.7078974;-0.03813761;0.7052851;-0.05792451;-0.9983125;0.004156336;-0.03813757;-0.9983125;0.004156336;1;0;1;0
15.698;1137.289;156.9865;703.3423;-19.07965;-101.4544;-13.08676;96.22063;-87.47477;-51.02541;0.703943;-0.04380009;-0.7089047;0.7094302;-0.004774213;0.7047598;-0.03425285;-0.9990291;0.02771227;-0.004774152;-0.9990291;0.02771227;1;0;1;0
15.7147;1137.073;155.2816;703.2258;-16.79753;-102.1499;-10.77724;56.82082;-86.99997;-11.58415;0.7039497;-0.0438039;-0.7088978;0.7101721;0.02864163;0.7034456;-0.01050955;-0.9986297;0.05127051;0.02864167;-0.9986297;0.05127051;1;0;1;0
15.7314;1136.895;153.5701;703.1482;-14.49687;-102.7362;-8.456013;35.2146;-85.64299;10.06351;0.7039574;-0.04380804;-0.7088899;0.7101182;0.06206806;0.7013416;0.01327515;-0.9971102;0.0748021;0.06206811;-0.9971102;0.0748021;1;0;1;0
15.7481;1136.756;151.8535;703.1093;-12.18039;-103.2127;-6.125807;24.65152;-83.97058;20.66812;0.7039655;-0.0438118;-0.7088817;0.7092659;0.09546597;0.6984472;0.03707403;-0.9944683;0.0982789;0.09546605;-0.9944683;0.0982789;1;0;1;0
15.7648;1136.656;150.1339;703.1091;-9.850826;-103.5789;-3.789371;18.78781;-82.18105;26.57353;0.7039725;-0.04381481;-0.7088745;0.707615;0.1287945;0.6947612;0.0608584;-0.990703;0.1216718;0.1287946;-0.990703;0.1216718;1;0;1;0
15.7815;1136.594;148.4131;703.1477;-7.510921;-103.8344;-1.449463;15.13395;-80.33811;30.26926;0.7039798;-0.04381758;-0.7088671;0.7051635;0.1620128;0.6902874;0.08459896;-0.9858155;0.1449522;0.1620129;-0.9858155;0.1449522;1;0;1;0
15.7982;1136.572;146.6929;703.2251;-5.163441;-103.979;0.8911614;12.65992;-78.46651;32.78531;0.7039872;-0.04381993;-0.7088596;0.701912;0.1950798;0.6850283;0.1082665;-0.9798082;0.1680914;0.1950799;-0.9798082;0.1680914;1;0;1;0
15.8149;1136.589;144.9751;703.3411;-2.811152;-104.0126;3.229748;10.88188;-76.57755;34.60553;0.703995;-0.04382241;-0.7088517;0.6978621;0.2279551;0.6789882;0.1318315;-0.9726851;0.1910612;0.2279551;-0.9726851;0.1910612;1;0;1;0
15.8316;1136.644;143.2616;703.4955;-0.4568281;-103.9354;5.563552;9.546126;-74.67725;35.98358;0.7040029;-0.04382479;-0.7088437;0.6930172;0.2605968;0.6721731;0.1552646;-0.9644527;0.2138322;0.2605968;-0.9644527;0.2138322;1;0;1;0
15.8483;1136.739;141.5542;703.6881;1.896763;-103.7476;7.889842;8.508286;-72.76898;37.064;0.7040113;-0.04382715;-0.7088352;0.687381;0.2929652;0.6645892;0.178537;-0.9551182;0.2363767;0.2929652;-0.9551182;0.2363767;1;0;1;0
15.865;1136.872;139.8548;703.9187;4.246862;-103.4495;10.2059;7.680124;-70.85493;37.93495;0.7040198;-0.04382956;-0.7088267;0.6809595;0.3250192;0.6562446;0.2016195;-0.9446914;0.258666;0.3250193;-0.9446914;0.258666;1;0;1;0
15.8817;1137.044;138.165;704.187;6.590721;-103.0418;12.50904;7.004992;-68.93649;38.6531;0.7040282;-0.04383132;-0.7088181;0.673759;0.3567198;0.6471475;0.2244841;-0.9331826;0.2806726;0.3567198;-0.9331826;0.2806726;1;0;1;0
15.8984;1137.254;136.4868;704.4928;8.925614;-102.525;14.79658;6.444881;-67.01469;39.2566;0.7040364;-0.04383206;-0.70881;0.6657874;0.3880273;0.6373084;0.2471032;-0.920605;0.3023682;0.3880274;-0.920605;0.3023682;1;0;1;0
15.9151;1137.502;134.8219;704.8354;11.24884;-101.9001;17.0659;5.973434;-65.0903;39.77169;0.7040445;-0.04383224;-0.7088019;0.6570536;0.4189023;0.6267389;0.2694475;-0.9069729;0.323726;0.4189024;-0.9069729;0.323726;1;0;1;0
15.9318;1137.788;133.172;705.2146;13.55772;-101.168;19.31438;5.571829;-63.16393;40.21737;0.7040523;-0.04383174;-0.7087942;0.6475679;0.4493066;0.6154506;0.2914897;-0.8923018;0.3447194;0.4493066;-0.8923018;0.3447194;1;0;1;0
15.9485;1138.111;131.5389;705.63;15.8496;-100.3299;21.53946;5.226148;-61.23609;40.60748;0.7040597;-0.04383123;-0.7087869;0.6373421;0.4792013;0.6034578;0.3132014;-0.87661;0.3653218;0.4792013;-0.87661;0.3653218;1;0;1;0
15.9652;1138.472;129.9242;706.0809;18.12188;-99.38686;23.73863;4.926049;-59.30711;40.95247;0.7040672;-0.04383042;-0.7087795;0.6263875;0.508551;0.5907747;0.3345567;-0.8599156;0.3855089;0.5085511;-0.8599156;0.3855089;1;0;1;0
15.9819;1138.868;128.3296;706.5669;20.37198;-98.34039;25.90942;4.663335;-57.37739;41.26031;0.704075;-0.04382944;-0.7087718;0.6147178;0.5373186;0.5774173;0.3555284;-0.8422397;0.4052553;0.5373186;-0.8422397;0.4052553;1;0;1;0
15.9986;1139.301;126.7568;707.0874;22.59737;-97.19198;28.04939;4.431952;-55.44728;41.53731;0.7040829;-0.04382783;-0.7087641;0.6023479;0.5654684;0.5634028;0.376091;-0.8236048;0.4245362;0.5654684;-0.8236048;0.4245362;1;0;1;0
16.0153;1139.77;125.2074;707.6417;24.79557;-95.94324;30.1562;4.227117;-53.51703;41.78828;0.7040917;-0.04382607;-0.7087555;0.5892925;0.5929664;0.5487489;0.3962188;-0.8040338;0.4433291;0.5929666;-0.8040338;0.4433291;1;0;1;0
16.032;1140.273;123.683;708.2292;26.96415;-94.59595;32.22754;4.044527;-51.58689;42.01728;0.7041006;-0.04382348;-0.7087468;0.5755688;0.6197796;0.5334734;0.4158882;-0.7835515;0.4616106;0.6197797;-0.7835515;0.4616106;1;0;1;0
16.0487;1140.811;122.185;708.8494;29.10073;-93.15197;34.26116;3.88136;-49.6571;42.22747;0.70411;-0.04382017;-0.7087376;0.5611939;0.6458758;0.5175963;0.4350754;-0.762184;0.4793592;0.6458759;-0.762184;0.4793592;1;0;1;0
16.0654;1141.382;120.7151;709.5012;31.20299;-91.61328;36.25488;3.734863;-47.72789;42.42149;0.7041193;-0.04381633;-0.7087285;0.5461869;0.6712238;0.5011371;0.4537575;-0.7399585;0.4965536;0.6712238;-0.7399585;0.4965536;1;0;1;0
16.0821;1141.987;119.2746;710.1842;33.26867;-89.98197;38.20659;3.60299;-45.79952;42.60155;0.7041278;-0.0438128;-0.7087204;0.5305685;0.695793;0.4841169;0.4719123;-0.7169049;0.5131729;0.6957932;-0.7169049;0.5131729;1;0;1;0
16.0988;1142.624;117.8651;710.8973;35.29557;-88.26025;40.11424;3.484083;-43.87218;42.76936;0.7041369;-0.0438087;-0.7087116;0.5143574;0.7195554;0.4665584;0.489518;-0.693052;0.5291988;0.7195554;-0.693052;0.5291988;1;0;1;0
16.1155;1143.292;116.4878;711.64;37.28159;-86.45039;41.97587;3.376262;-41.94608;42.92649;0.7041457;-0.04380438;-0.708703;0.4975754;0.7424833;0.4484834;0.5065546;-0.6684309;0.5446124;0.7424833;-0.6684309;0.5446124;1;0;1;0
