time;x;y;z;speed x;speed y;speed z;roll;pitch;yaw;pX|X;pX|Y;pX|Z;pY|X;pY|Y;pY|Z;pZ|X;pZ|Y;pZ|Z;roll Scalar;pitch Scalar;yaw Scalar;accelerate;roll Input;pitch Input;yaw Input
4.2919;263.0322;1.144974;0.0140686;111.9017;-0.000276722;0.006911048;0;1.980606;90.00018;-1.95E-06;-2.96E-05;-1;-0.03456059;0.9994026;-2.96E-05;0.9994028;0.03456059;-2.97E-06;0.9994029;0.03456059;-2.97E-06;1;0;0;0
4.3086;264.901;1.144949;0.01416016;111.9037;-0.001734026;0.006922752;0;1.980606;90.00018;-1.94E-06;-3.04E-05;-1;-0.03456071;0.9994026;-3.03E-05;0.9994029;0.03456071;-2.99E-06;0.9994031;0.03456071;-2.99E-06;1;0;0;0
4.3253;266.7698;1.144957;0.01428223;111.9038;-0.00027474;0.006866693;0;1.980606;90.00014;-1.45E-06;-3.14E-05;-1;-0.03456067;0.9994026;-3.14E-05;0.9994028;0.03456067;-2.53E-06;0.9994029;0.03456067;-2.53E-06;1;0;0;0
4.342;268.6386;1.144952;0.0144043;111.905;-0.00060096;0.006944711;0;1.980606;90.00013;-1.09E-06;-3.12E-05;-1;-0.03456057;0.9994026;-3.12E-05;0.9994029;0.03456057;-2.17E-06;0.9994031;0.03456057;-2.17E-06;1;0;0;0
4.3587;270.5074;1.14497;0.01449585;111.9057;-0.00025481;0.006938597;0;1.980606;90.00011;-7.45E-07;-3.06E-05;-1;-0.0345607;0.9994026;-3.05E-05;0.9994029;0.03456069;-1.80E-06;0.9994031;0.03456069;-1.80E-06;1;0;0;0
4.3754;272.3762;1.144965;0.01461792;111.9067;-0.000571743;0.007049235;0;1.980606;90.00008;-4.58E-07;-2.98E-05;-1;-0.03456056;0.9994026;-2.97E-05;0.9994028;0.03456056;-1.49E-06;0.9994029;0.03456056;-1.49E-06;1;0;0;0
4.3921;274.2451;1.144967;0.01473999;111.9074;-0.000304818;0.007004799;0;1.980606;90.00006;1.00E-07;-3.12E-05;-1;-0.03456071;0.9994026;-3.12E-05;0.9994028;0.03456071;-9.77E-07;0.9994029;0.03456071;-9.77E-07;1;0;0;0
4.4088;276.1139;1.14496;0.01483154;111.9084;-0.000651825;0.007084913;0;1.980606;90.00006;9.91E-08;-3.10E-05;-1;-0.0345606;0.9994026;-3.10E-05;0.9994028;0.0345606;-9.72E-07;0.9994029;0.0345606;-9.72E-07;1;0;0;0
4.4255;277.9828;1.144953;0.01495361;111.9091;-0.000677202;0.007265939;0;1.980606;90.00006;7.08E-08;-2.92E-05;-1;-0.03456045;0.9994026;-2.92E-05;0.9994029;0.03456045;-9.39E-07;0.9994031;0.03456045;-9.39E-07;1;0;0;0
4.4422;279.8517;1.144949;0.01507568;111.9097;-0.00056212;0.007358619;0;1.980606;90.00002;7.14E-07;-2.87E-05;-1;-0.03456073;0.9994026;-2.87E-05;0.9994028;0.03456073;-2.80E-07;0.9994029;0.03456073;-2.80E-07;1;0;0;0
4.4589;281.7206;1.144959;0.01519775;111.9101;-0.000191532;0.007208027;0;1.980606;90.00001;9.32E-07;-3.10E-05;-1;-0.03456071;0.9994026;-3.10E-05;0.9994029;0.03456071;-1.40E-07;0.9994031;0.03456071;-1.40E-07;1;0;1;0
4.4756;283.5879;1.204546;0.01531982;111.8371;3.037757;0.006912208;0;2.168621;90;1.02E-06;-2.89E-05;-1;-0.03784069;0.9992838;-2.89E-05;0.999284;0.03784069;-7.26E-08;0.9992842;0.03784069;-7.26E-08;1;0;1;0
4.4923;285.4536;1.321705;0.01541138;111.7566;5.999849;0.006631499;0;2.528865;90.00001;1.04E-06;-2.70E-05;-1;-0.04412291;0.9990261;-2.70E-05;0.9990262;0.04412291;-1.54E-07;0.9990263;0.04412291;-1.54E-07;1;0;1;0
4.509;287.317;1.494743;0.01553345;111.6568;8.901011;0.006363879;0;3.047097;90.00004;7.41E-07;-2.52E-05;-1;-0.05315641;0.9985862;-2.52E-05;0.9985865;0.05315641;-6.01E-07;0.9985867;0.05315641;-6.01E-07;1;0;1;0
4.5257;289.1777;1.722233;0.015625;111.5276;11.75381;0.006107532;0;3.710352;90.00004;9.46E-07;-2.37E-05;-1;-0.06471261;0.9979039;-2.37E-05;0.9979041;0.06471261;-5.89E-07;0.9979044;0.06471261;-5.89E-07;1;0;1;0
4.5424;291.0347;2.002977;0.01571655;111.3598;14.56873;0.005862719;0;4.507021;90.00006;8.03E-07;-2.22E-05;-1;-0.0785816;0.9969077;-2.22E-05;0.9969079;0.07858159;-9.48E-07;0.9969082;0.07858159;-9.48E-07;1;0;1;0
4.5591;292.8871;2.335964;0.01580811;111.1453;17.35441;0.005627657;0;5.426539;90.00007;7.63E-07;-2.08E-05;-1;-0.09456974;0.9955183;-2.08E-05;0.9955184;0.09456974;-1.21E-06;0.9955187;0.09456974;-1.21E-06;1;0;1;0
4.5758;294.7337;2.720335;0.01589966;110.8765;20.11785;0.005402392;0;6.459256;90.00008;8.48E-07;-1.93E-05;-1;-0.1124967;0.9936521;-1.93E-05;0.9936522;0.1124967;-1.33E-06;0.9936523;0.1124967;-1.33E-06;1;0;1;0
4.5925;296.5733;3.155354;0.01599121;110.5467;22.86456;0.005187129;0;7.596364;90.0001;7.16E-07;-1.79E-05;-1;-0.1321934;0.9912239;-1.79E-05;0.9912241;0.1321934;-1.66E-06;0.9912242;0.1321934;-1.66E-06;1;0;1;0
4.6092;298.4045;3.64038;0.01608276;110.1497;25.59872;0.004980989;0;8.829819;90.00013;4.19E-07;-1.65E-05;-1;-0.1535;0.9881486;-1.64E-05;0.9881488;0.1535;-2.13E-06;0.9881489;0.1535;-2.13E-06;1;0;1;0
4.6259;300.2259;4.174844;0.0161438;109.68;28.32334;0.004783212;0;10.15224;90.00013;4.85E-07;-1.53E-05;-1;-0.1762644;0.9843429;-1.52E-05;0.9843429;0.1762644;-2.23E-06;0.9843429;0.1762644;-2.23E-06;1;0;1;0
4.6426;302.0359;4.758224;0.01623535;109.1324;31.04033;0.004594165;0;11.55689;90.00015;2.04E-07;-1.41E-05;-1;-0.2003407;0.9797263;-1.38E-05;0.9797263;0.2003407;-2.62E-06;0.9797263;0.2003407;-2.62E-06;1;0;1;0
4.6593;303.833;5.390029;0.01629639;108.5023;33.75063;0.004413076;0;13.03751;90.00018;-1.62E-07;-1.30E-05;-1;-0.2255888;0.9742226;-1.27E-05;0.974223;0.2255888;-3.09E-06;0.9742233;0.2255888;-3.09E-06;1;0;1;0
4.676;305.6156;6.069781;0.01638794;107.7857;36.45433;0.004239062;0;14.58831;90.00021;-6.56E-07;-1.18E-05;-1;-0.2518719;0.9677606;-1.14E-05;0.9677609;0.2518719;-3.62E-06;0.9677611;0.2518719;-3.62E-06;1;0;1;0
4.6927;307.382;6.797;0.01644897;106.9788;39.15072;0.004072182;0;16.20399;90.00023;-8.46E-07;-1.08E-05;-1;-0.2790579;0.9602743;-1.03E-05;0.9602746;0.2790579;-3.85E-06;0.960275;0.2790579;-3.85E-06;1;0;1;0
4.7094;309.1303;7.571192;0.01651001;106.0785;41.83841;0.00391254;0;17.87957;90.00024;-9.02E-07;-9.98E-06;-1;-0.3070172;0.951704;-9.25E-06;0.951704;0.3070172;-3.93E-06;0.9517041;0.3070172;-3.93E-06;1;0;1;0
4.7261;310.859;8.391834;0.01657104;105.0821;44.51538;0.003760229;0;19.61044;90.00026;-1.31E-06;-9.12E-06;-1;-0.3356233;0.9419963;-8.27E-06;0.9419967;0.3356233;-4.32E-06;0.9419971;0.3356233;-4.32E-06;1;0;1;0
4.7428;312.5662;9.258373;0.01663208;103.9874;47.17912;0.003614019;0;21.39229;90.00026;-1.36E-06;-8.29E-06;-1;-0.3647517;0.9311048;-7.29E-06;0.931105;0.3647517;-4.31E-06;0.9311053;0.3647517;-4.31E-06;1;0;1;0
4.7595;314.2501;10.17021;0.01669312;102.7925;49.82663;0.003475053;0;23.22111;90.00029;-1.77E-06;-7.51E-06;-1;-0.3942808;0.9189901;-6.35E-06;0.9189904;0.3942808;-4.62E-06;0.9189908;0.3942808;-4.62E-06;1;0;1;0
4.7762;315.909;11.12668;0.01675415;101.4963;52.45452;0.00334199;0;25.09311;90.00027;-1.69E-06;-6.71E-06;-1;-0.4240907;0.9056197;-5.47E-06;0.90562;0.4240907;-4.40E-06;0.9056202;0.4240907;-4.40E-06;1;0;1;0
4.7929;317.5411;12.1271;0.01678467;100.0978;55.05911;0.0032162;0.01978234;27.00475;90.0003;-2.00E-06;-6.12E-06;-1;-0.4540645;0.8909689;-4.69E-06;0.8909692;0.4540645;-4.60E-06;0.8909695;0.4540645;-4.60E-06;1;0;1;0
4.8096;319.1446;13.17069;0.0168457;98.5966;57.63643;0.003095841;0;28.95268;90.0003;-1.97E-06;-5.69E-06;-1;-0.4840873;0.8750197;-4.10E-06;0.8750199;0.4840873;-4.50E-06;0.87502;0.4840873;-4.50E-06;1;0;1;0
4.8263;320.7178;14.25663;0.01690674;96.99279;60.18234;0.00298114;0;30.93377;90.00031;-2.20E-06;-5.22E-06;-1;-0.5140471;0.857762;-3.49E-06;0.8577623;0.5140471;-4.60E-06;0.8577626;0.5140471;-4.60E-06;1;0;1;0
4.843;322.2589;15.38402;0.01693726;95.28682;62.69254;0.002871388;0.01978234;32.94505;90.00032;-2.35E-06;-4.89E-06;-1;-0.5438345;0.8391925;-2.98E-06;0.8391927;0.5438345;-4.66E-06;0.8391929;0.5438345;-4.66E-06;1;0;1;0
4.8597;323.7664;16.55191;0.01699829;93.47956;65.16266;0.002766252;0;34.98368;90.00032;-2.44E-06;-4.41E-06;-1;-0.5733432;0.8193154;-2.26E-06;0.8193156;0.5733432;-4.54E-06;0.8193157;0.5733432;-4.54E-06;1;0;1;0
4.8764;325.2384;17.75928;0.01702881;91.57228;67.58829;0.002666867;0;37.04702;90.00033;-2.63E-06;-3.93E-06;-1;-0.6024703;0.7981414;-1.67E-06;0.7981416;0.6024703;-4.50E-06;0.7981418;0.6024703;-4.50E-06;1;0;1;0
4.8931;326.6736;19.00504;0.01708984;89.56662;69.96502;0.002572413;0;39.13252;90.00034;-3.12E-06;-3.43E-06;-1;-0.6311163;0.7756883;-8.64E-07;0.7756885;0.6311163;-4.64E-06;0.7756886;0.6311163;-4.64E-06;1;0;1;0
4.9098;328.0702;20.28804;0.01712036;87.46458;72.2885;0.002482858;0;41.2378;90.00035;-3.38E-06;-3.01E-06;-1;-0.6591859;0.7519801;-1.49E-07;0.7519803;0.6591859;-4.57E-06;0.7519805;0.6591859;-4.57E-06;1;0;1;0
4.9265;329.4269;21.60709;0.01715088;85.26846;74.55444;0.002398426;0;43.36058;90.00034;-3.59E-06;-2.56E-06;-1;-0.6865876;0.7270471;5.36E-07;0.7270471;0.6865876;-4.40E-06;0.7270471;0.6865876;-4.40E-06;1;0;1;0
4.9432;330.7421;22.9609;0.01721191;82.98091;76.75871;0.00231922;0;45.49871;90.00037;-3.92E-06;-2.41E-06;-1;-0.7132348;0.7009252;9.83E-07;0.7009255;0.7132348;-4.52E-06;0.7009256;0.7132348;-4.52E-06;1;0;1;0
4.9599;332.0146;24.34818;0.01724243;80.60481;78.89729;0.002243392;0;47.65012;90.00038;-4.02E-06;-2.29E-06;-1;-0.739045;0.6736561;1.37E-06;0.6736562;0.739045;-4.43E-06;0.6736562;0.739045;-4.43E-06;1;0;1;0
4.9766;333.243;25.76753;0.01727295;78.14332;80.96635;0.002171305;0;49.81287;90.0004;-4.46E-06;-2.15E-06;-1;-0.7639412;0.645286;1.82E-06;0.6452862;0.7639412;-4.59E-06;0.6452864;0.7639412;-4.59E-06;1;0;1;0
4.9933;334.4261;27.21756;0.01730347;75.5998;82.96223;0.002102235;0;51.98512;90.0004;-4.41E-06;-2.00E-06;-1;-0.787851;0.615866;2.15E-06;0.6158662;0.787851;-4.34E-06;0.6158662;0.787851;-4.34E-06;1;0;1;0
5.01;335.5627;28.69679;0.01733398;72.97781;84.88152;0.002037019;0;54.16512;90.00043;-4.84E-06;-1.85E-06;-1;-0.8107076;0.5854513;2.74E-06;0.5854515;0.8107076;-4.38E-06;0.5854515;0.8107076;-4.38E-06;1;0;1;0
5.0267;336.6517;30.20374;0.0173645;70.2811;86.72097;0.001975435;0;56.35118;90.00046;-5.33E-06;-1.73E-06;-1;-0.8324496;0.5541009;3.37E-06;0.554101;0.8324496;-4.46E-06;0.554101;0.8324496;-4.46E-06;1;0;1;0
5.0434;337.6922;31.73685;0.01739502;67.51353;88.47762;0.001917354;0;58.54178;90.00048;-5.62E-06;-1.64E-06;-1;-0.853021;0.5218767;3.84E-06;0.5218768;0.853021;-4.38E-06;0.5218769;0.853021;-4.38E-06;1;0;1;0
5.0601;338.6832;33.29459;0.01742554;64.67908;90.1487;0.001862664;0;60.73539;90.00052;-5.84E-06;-1.73E-06;-1;-0.8723715;0.4888436;4.23E-06;0.4888436;0.8723715;-4.41E-06;0.4888436;0.8723715;-4.41E-06;1;0;1;0
5.0768;339.6237;34.87534;0.01745605;61.78183;91.73171;0.00181065;0;62.93064;90.00059;-6.11E-06;-1.88E-06;-1;-0.8904567;0.4550685;4.32E-06;0.4550688;0.8904567;-4.62E-06;0.455069;0.8904567;-4.62E-06;1;0;1;0
5.0935;340.5131;36.47749;0.01748657;58.82594;93.22439;0.001759755;0.01978234;65.12623;90.0006;-5.96E-06;-1.97E-06;-1;-0.9072368;0.4206204;4.41E-06;0.4206206;0.9072368;-4.41E-06;0.4206207;0.9072368;-4.41E-06;1;0;1;0
5.1102;341.3506;38.09941;0.01751709;55.81557;94.62469;0.001711246;0;67.32091;90.00062;-5.57E-06;-2.15E-06;-1;-0.9226789;0.3855694;4.23E-06;0.3855695;0.9226789;-4.17E-06;0.3855695;0.9226789;-4.17E-06;1;0;1;0
5.1269;342.1356;39.73946;0.01754761;52.75495;95.93082;0.00166434;0.01978234;69.5135;90.00069;-5.19E-06;-2.47E-06;-1;-0.9367548;0.3499866;3.87E-06;0.3499867;0.9367548;-4.23E-06;0.3499867;0.9367548;-4.23E-06;1;0;1;0
5.1436;342.8674;41.39597;0.01757813;49.6483;97.14121;0.001617531;0;71.70296;90.00079;-5.30E-06;-2.68E-06;-1;-0.9494419;0.3139432;4.05E-06;0.3139434;0.9494419;-4.29E-06;0.3139434;0.9494419;-4.29E-06;1;0;1;0
5.1603;343.5455;43.06728;0.01760864;46.49982;98.25453;0.001572401;0;73.88827;90.00088;-5.07E-06;-2.80E-06;-1;-0.9607226;0.2775112;3.87E-06;0.2775114;0.9607226;-4.26E-06;0.2775114;0.9607226;-4.26E-06;1;0;1;0
5.177;344.1696;44.75171;0.01763916;43.31369;99.26965;0.001528126;0;76.0685;90.00104;-5.19E-06;-3.10E-06;-1;-0.9705844;0.2407616;4.17E-06;0.2407618;0.9705844;-4.35E-06;0.2407619;0.9705844;-4.35E-06;1;0;1;0
5.1937;344.7393;46.44759;0.01766968;40.09406;100.1856;0.001485692;0;78.24276;90.00124;-5.16E-06;-3.37E-06;-1;-0.9790198;0.2037654;4.29E-06;0.2037655;0.9790198;-4.41E-06;0.2037655;0.9790198;-4.41E-06;1;0;1;0
5.2104;345.2543;48.15323;0.01766968;36.84503;101.0017;0.001444607;0;80.41031;90.00156;-5.19E-06;-3.52E-06;-1;-0.9860262;0.1665912;4.29E-06;0.1665914;0.9860262;-4.53E-06;0.1665915;0.9860262;-4.53E-06;1;0;1;0
5.2271;345.7142;49.86697;0.0177002;33.57061;101.7175;0.001404296;0;82.57037;90.00197;-5.01E-06;-3.70E-06;-1;-0.9916046;0.1293082;4.32E-06;0.1293084;0.9916046;-4.44E-06;0.1293084;0.9916046;-4.44E-06;1;0;1;0
5.2438;346.119;51.58715;0.01773071;30.27479;102.3324;0.001365468;0;84.72231;90.00282;-4.98E-06;-3.84E-06;-1;-0.9957609;0.09198251;4.35E-06;0.09198278;0.9957609;-4.53E-06;0.0919828;0.9957609;-4.53E-06;1;0;1;0
5.2605;346.4686;53.31209;0.01776123;26.96143;102.8463;0.001327515;0;86.86554;90.00471;-4.98E-06;-4.02E-06;-1;-0.9985042;0.05467921;4.53E-06;0.05467942;0.9985042;-4.50E-06;0.05467944;0.9985042;-4.50E-06;1;0;1;0
5.2772;346.7628;55.04014;0.01776123;23.63436;103.2592;0.001291195;0;88.99949;90.01408;-4.77E-06;-3.99E-06;-1;-0.9998477;0.01746118;4.47E-06;0.01746136;0.9998477;-4.29E-06;0.01746136;0.9998477;-4.29E-06;1;0;1;0
5.2939;347.0016;56.76967;0.01779175;20.29728;103.5711;0.00125635;180;88.87628;-90.01289;-4.65E-06;-4.14E-06;-1;-0.999808;-0.01961172;4.38E-06;-0.01961139;0.999808;-4.41E-06;-0.0196114;0.999808;-4.41E-06;1;0;1;0
5.3106;347.1852;58.49904;0.01782227;16.95383;103.7822;0.001221827;180;86.76222;-90.00426;-4.44E-06;-4.29E-06;-1;-0.9984039;-0.05648005;4.53E-06;-0.0564799;0.9984039;-4.20E-06;-0.05647991;0.9984039;-4.20E-06;1;0;1;0
5.3273;347.3136;60.22664;0.01782227;13.60756;103.8929;0.001189294;180;84.65867;-90.00249;-4.29E-06;-4.44E-06;-1;-0.9956578;-0.09308898;4.68E-06;-0.09308895;0.9956578;-4.05E-06;-0.09308895;0.9956578;-4.05E-06;1;0;1;0
5.344;347.387;61.95086;0.01785278;10.26191;103.9035;0.0011585;180;82.56594;-90.00181;-4.08E-06;-4.56E-06;-1;-0.9915946;-0.1293851;4.56E-06;-0.129385;0.9915946;-4.08E-06;-0.129385;0.9915946;-4.08E-06;1;0;1;0
5.3607;347.4056;63.67011;0.0178833;6.920254;103.8147;0.001128105;180;80.48432;-90.00143;-3.84E-06;-4.74E-06;-1;-0.9862405;-0.1653176;4.53E-06;-0.1653175;0.9862404;-4.14E-06;-0.1653175;0.9862404;-4.14E-06;1;0;1;0
5.3774;347.3695;65.38282;0.0178833;3.585856;103.6271;0.001098244;180;78.414;-90.00121;-3.93E-06;-4.83E-06;-1;-0.9796246;-0.2008389;4.59E-06;-0.2008387;0.9796246;-4.23E-06;-0.2008387;0.9796246;-4.23E-06;1;0;1;0
5.3941;347.2792;67.08743;0.01791382;0.2619045;103.3412;0.001069043;180;76.35516;-90.001;-3.87E-06;-4.92E-06;-1;-0.9717768;-0.235903;4.74E-06;-0.2359028;0.9717768;-4.11E-06;-0.2359029;0.9717768;-4.11E-06;1;0;1;0
5.4108;347.135;68.78239;0.01791382;-3.048501;102.9581;0.001041367;180;74.3079;-90.00089;-3.67E-06;-5.10E-06;-1;-0.9627292;-0.2704681;4.71E-06;-0.2704678;0.9627293;-4.20E-06;-0.2704679;0.9627293;-4.20E-06;1;0;1;0
5.4275;346.9372;70.46621;0.01794434;-6.342343;102.4784;0.001014046;180;72.27232;-90.00076;-3.78E-06;-4.98E-06;-1;-0.9525148;-0.3044937;4.80E-06;-0.3044933;0.9525148;-4.02E-06;-0.3044935;0.9525148;-4.02E-06;1;0;1;0
5.4442;346.6863;72.13735;0.01794434;-9.616686;101.9032;0.000988216;180;70.24848;-90.00066;-3.55E-06;-5.07E-06;-1;-0.9411672;-0.3379419;4.89E-06;-0.3379418;0.9411672;-3.84E-06;-0.3379419;0.9411672;-3.84E-06;1;0;1;0
5.4609;346.3828;73.79434;0.01797485;-12.86867;101.2333;0.000963834;180;68.23635;-90.0006;-3.31E-06;-5.22E-06;-1;-0.9287214;-0.370779;4.83E-06;-0.3707788;0.9287214;-3.84E-06;-0.3707789;0.9287214;-3.84E-06;1;0;1;0
5.4776;346.027;75.43571;0.01797485;-16.0955;100.4699;0.000939913;180;66.2359;-90.00053;-2.92E-06;-5.42E-06;-1;-0.9152123;-0.4029719;4.89E-06;-0.4029719;0.9152123;-3.76E-06;-0.4029719;0.9152123;-3.76E-06;1;0;1;0
5.4943;345.6197;77.06002;0.01800537;-19.29448;99.61398;0.000917024;180;64.24709;-90.00052;-2.77E-06;-5.48E-06;-1;-0.9006762;-0.4344913;4.77E-06;-0.4344912;0.9006762;-3.90E-06;-0.4344913;0.9006762;-3.90E-06;1;0;1;0
5.511;345.1614;78.66583;0.01800537;-22.46294;98.66666;0.000893935;180;62.26978;-90.0005;-2.80E-06;-5.54E-06;-1;-0.8851486;-0.4653094;4.86E-06;-0.4653091;0.8851485;-3.99E-06;-0.4653092;0.8851485;-3.99E-06;1;0;1;0
5.5277;344.6526;80.25174;0.01803589;-25.5983;97.62914;0.000871367;180;60.30387;-90.00046;-2.12E-06;-5.69E-06;-1;-0.868665;-0.4954;4.68E-06;-0.4954;0.868665;-3.90E-06;-0.4954;0.868665;-3.90E-06;1;0;1;0
5.5444;344.0942;81.81635;0.01803589;-28.69803;96.5026;0.000849186;180;58.34921;-90.00043;-2.25E-06;-5.78E-06;-1;-0.8512622;-0.524741;4.80E-06;-0.5247409;0.8512622;-3.98E-06;-0.524741;0.8512622;-3.98E-06;1;0;1;0
5.5611;343.4867;83.35828;0.01806641;-31.75967;95.2883;0.000827618;180;56.40561;-90.00043;-1.71E-06;-5.84E-06;-1;-0.8329754;-0.5533103;4.56E-06;-0.5533102;0.8329754;-4.10E-06;-0.5533102;0.8329754;-4.10E-06;1;0;1;0
5.5778;342.8308;84.87621;0.01806641;-34.7808;93.98751;0.00080561;180;54.47285;-90.00039;-1.51E-06;-5.84E-06;-1;-0.8138403;-0.5810887;4.65E-06;-0.5810887;0.8138403;-3.95E-06;-0.5810887;0.8138403;-3.95E-06;1;0;1;0
5.5945;342.1274;86.3688;0.01809692;-37.75903;92.60155;0.000784832;180;52.55072;-90.00039;-1.37E-06;-5.90E-06;-1;-0.793892;-0.6080592;4.53E-06;-0.608059;0.793892;-4.05E-06;-0.6080591;0.793892;-4.05E-06;1;0;1;0
5.6112;341.3773;87.83474;0.01809692;-40.69207;91.13177;0.000763939;180;50.63896;-90.00037;-1.04E-06;-5.81E-06;-1;-0.7731651;-0.6342052;4.38E-06;-0.634205;0.7731651;-4.14E-06;-0.6342052;0.7731651;-4.14E-06;1;0;1;0
5.6279;340.5812;89.27274;0.01812744;-43.57762;89.57955;0.000742909;180;48.73732;-90.00035;-9.09E-07;-5.84E-06;-1;-0.751694;-0.6595124;4.44E-06;-0.6595123;0.751694;-4.01E-06;-0.6595123;0.751694;-4.01E-06;1;0;1;0
5.6446;339.74;90.68156;0.01812744;-46.41345;87.94632;0.000722957;179.9802;46.8455;-90.00033;-7.90E-07;-5.78E-06;-1;-0.7295121;-0.6839682;4.44E-06;-0.6839681;0.7295121;-3.89E-06;-0.6839681;0.7295121;-3.89E-06;1;0;1;0
5.6613;338.8547;92.05994;0.01812744;-49.19738;86.23353;0.000703863;180;44.96321;-90.00031;-6.41E-07;-5.78E-06;-1;-0.7066526;-0.7075608;4.50E-06;-0.7075607;0.7066526;-3.80E-06;-0.7075607;0.7066526;-3.80E-06;1;0;1;0
5.678;337.9262;93.40667;0.01815796;-51.92723;84.44267;0.000685657;180;43.09015;-90.00031;-4.62E-07;-5.87E-06;-1;-0.6831483;-0.73028;4.50E-06;-0.7302799;0.6831483;-3.92E-06;-0.73028;0.6831483;-3.92E-06;1;0;1;0
5.6947;336.9554;94.72056;0.01815796;-54.60089;82.57526;0.000667516;180;41.22597;-90.00031;-3.50E-07;-5.81E-06;-1;-0.6590306;-0.7521169;4.38E-06;-0.7521166;0.6590306;-4.11E-06;-0.7521169;0.6590306;-4.11E-06;1;0;1;0
5.7114;335.9433;96.00043;0.01815796;-57.21628;80.63287;0.00064894;180;39.37035;-90.00029;-8.94E-08;-5.81E-06;-1;-0.6343306;-0.7730622;4.44E-06;-0.7730621;0.6343306;-3.90E-06;-0.7730622;0.6343306;-3.90E-06;1;0;1;0
5.7281;334.8911;97.24516;0.01818848;-59.77134;78.6171;0.000631586;180;37.52293;-90.00027;2.24E-08;-5.63E-06;-1;-0.6090791;-0.79311;4.32E-06;-0.7931098;0.6090791;-3.85E-06;-0.79311;0.6090791;-3.85E-06;1;0;1;0
5.7448;333.7996;98.45362;0.01818848;-62.26405;76.52959;0.000614525;180;35.68338;-90.00026;2.61E-07;-5.63E-06;-1;-0.5833057;-0.8122528;4.38E-06;-0.8122528;0.5833057;-3.61E-06;-0.8122528;0.5833057;-3.61E-06;1;0;1;0
5.7615;332.67;99.62471;0.01818848;-64.69243;74.37202;0.000598765;180;33.85134;-90.00026;4.84E-07;-5.69E-06;-1;-0.55704;-0.8304859;4.38E-06;-0.8304858;0.55704;-3.75E-06;-0.8304859;0.55704;-3.75E-06;1;0;1;0
5.7782;331.5034;100.7574;0.01821899;-67.05451;72.14611;0.000582963;180;32.02641;-90.00026;4.62E-07;-5.63E-06;-1;-0.5303103;-0.8478041;4.41E-06;-0.847804;0.5303102;-3.77E-06;-0.8478041;0.5303102;-3.77E-06;1;0;1;0
5.7949;330.301;101.8506;0.01821899;-69.34839;69.85362;0.000567543;180;30.20825;-90.00022;5.07E-07;-5.54E-06;-1;-0.5031446;-0.8642024;4.47E-06;-0.8642024;0.5031446;-3.37E-06;-0.8642025;0.5031446;-3.37E-06;1;0;1;0
5.8116;329.064;102.9033;0.01821899;-71.57216;67.49638;0.000553896;180;28.39648;-90.00021;3.84E-07;-5.53E-06;-1;-0.4755703;-0.8796781;4.60E-06;-0.879678;0.4755703;-3.25E-06;-0.8796782;0.4755703;-3.25E-06;1;0;1;0
5.8283;327.7935;103.9146;0.01824951;-73.72397;65.07621;0.000541258;180;26.59072;-90.00021;3.65E-07;-5.42E-06;-1;-0.4476145;-0.8942272;4.57E-06;-0.894227;0.4476145;-3.27E-06;-0.8942272;0.4476145;-3.27E-06;1;0;1;0
5.845;326.4908;104.8835;0.01824951;-75.80199;62.59504;0.000528795;180;24.79061;-90.0002;4.36E-07;-5.42E-06;-1;-0.4193034;-0.9078467;4.62E-06;-0.9078465;0.4193034;-3.14E-06;-0.9078467;0.4193034;-3.14E-06;1;0;1;0
5.8617;325.1572;105.8091;0.01824951;-77.80444;60.05481;0.000517147;180;22.99574;-90.00018;4.54E-07;-5.38E-06;-1;-0.3906628;-0.9205342;4.69E-06;-0.920534;0.3906628;-2.82E-06;-0.9205341;0.3906628;-2.82E-06;1;0;1;0
5.8784;323.794;106.6905;0.01828003;-79.72956;57.45751;0.00050695;180;21.20575;-90.00018;4.10E-07;-5.23E-06;-1;-0.3617182;-0.9322882;4.62E-06;-0.9322878;0.3617182;-2.93E-06;-0.9322882;0.3617182;-2.93E-06;1;0;1;0
5.8951;322.4025;107.5268;0.01828003;-81.57563;54.8052;0.000496494;180;19.42025;-90.00015;4.79E-07;-5.05E-06;-1;-0.3324945;-0.9431056;4.54E-06;-0.9431054;0.3324945;-2.50E-06;-0.9431056;0.3324945;-2.50E-06;1;0;1;0
5.9118;320.984;108.3173;0.01828003;-83.34097;52.09998;0.000487451;180;17.63888;-90.00014;5.89E-07;-4.93E-06;-1;-0.3030165;-0.9529857;4.49E-06;-0.9529855;0.3030165;-2.45E-06;-0.9529856;0.3030165;-2.45E-06;1;0;1;0
5.9285;319.54;109.0611;0.01828003;-85.02393;49.344;0.000478643;180;15.86125;-90.00013;5.70E-07;-4.87E-06;-1;-0.2733086;-0.9619266;4.49E-06;-0.9619265;0.2733086;-2.11E-06;-0.9619266;0.2733086;-2.11E-06;1;0;1;0
5.9452;318.0718;109.7576;0.01831055;-86.62294;46.53946;0.000471112;180;14.087;-90.00013;6.04E-07;-4.72E-06;-1;-0.243395;-0.9699276;4.40E-06;-0.9699274;0.243395;-2.08E-06;-0.9699275;0.243395;-2.08E-06;1;0;1;0
5.9619;316.5808;110.4059;0.01831055;-88.13642;43.68864;0.000463662;180;12.31577;-90.00013;5.44E-07;-4.58E-06;-1;-0.2132993;-0.9769875;4.30E-06;-0.9769872;0.2132993;-2.14E-06;-0.9769876;0.2132993;-2.14E-06;1;0;1;0
5.9786;315.0686;111.0055;0.01831055;-89.56288;40.79383;0.000455975;180;10.54719;-90.00011;7.34E-07;-4.47E-06;-1;-0.1830454;-0.9831049;4.22E-06;-0.9831046;0.1830454;-1.95E-06;-0.9831048;0.1830454;-1.95E-06;1;0;1;0
5.9953;313.5366;111.5557;0.01834106;-90.90086;37.85742;0.000448878;180;8.780916;-90.0001;5.87E-07;-4.48E-06;-1;-0.1526567;-0.9882798;4.30E-06;-0.9882796;0.1526567;-1.74E-06;-0.9882798;0.1526567;-1.74E-06;1;0;1;0
6.012;311.9863;112.0558;0.01834106;-92.14894;34.88183;0.000442816;180;7.016603;-90.00011;5.25E-07;-4.38E-06;-1;-0.1221567;-0.9925116;4.24E-06;-0.9925112;0.1221567;-1.80E-06;-0.9925115;0.1221567;-1.80E-06;1;0;1;0
6.0287;310.4193;112.5055;0.01834106;-93.30578;31.86954;0.00043657;180;5.253856;-90.00009;7.21E-07;-4.26E-06;-1;-0.09156886;-0.9957992;4.16E-06;-0.995799;0.09156886;-1.60E-06;-0.9957992;0.09156886;-1.60E-06;1;0;1;0
6.0454;308.8369;112.9041;0.01834106;-94.37007;28.82308;0.000430899;180;3.492446;-90.0001;7.21E-07;-4.17E-06;-1;-0.06091653;-0.9981436;4.10E-06;-0.9981432;0.06091653;-1.66E-06;-0.9981436;0.06091653;-1.66E-06;1;0;1;0
6.0621;307.241;113.2511;0.01837158;-95.34059;25.74505;0.000425045;180;1.731897;-90.00008;1.00E-06;-4.18E-06;-1;-0.03022308;-0.9995434;4.15E-06;-0.9995433;0.03022308;-1.38E-06;-0.9995434;0.03022308;-1.38E-06;1;0;1;0
6.0788;305.6329;113.5463;0.01837158;-96.21615;22.63811;0.00042035;180;-0.02797646;-90.00008;1.01E-06;-4.10E-06;-1;0.000488013;-1;4.10E-06;-1;-0.000488013;-1.37E-06;-1;-0.000488013;-1.37E-06;1;0;1;0
6.0955;304.0144;113.7891;0.01837158;-96.99564;19.50494;0.000415702;180;-1.787503;-90.00008;8.89E-07;-3.97E-06;-1;0.03119326;-0.9995141;4.01E-06;-0.9995137;-0.03119326;-1.50E-06;-0.9995141;-0.03119326;-1.50E-06;1;0;1;0
6.1122;302.3871;113.9793;0.01837158;-97.67803;16.3483;0.000410555;180;-3.547072;-90.00006;1.00E-06;-3.86E-06;-1;0.06186903;-0.9980845;3.93E-06;-0.9980844;-0.06186903;-1.03E-06;-0.9980845;-0.06186903;-1.03E-06;1;0;1;0
6.1289;300.7525;114.1166;0.01837158;-98.26234;13.17101;0.000406814;180;-5.306959;-90.00007;8.98E-07;-3.85E-06;-1;0.09249148;-0.9957141;3.94E-06;-0.9957138;-0.09249147;-1.13E-06;-0.995714;-0.09249147;-1.13E-06;1;0;1;0
6.1456;299.1123;114.2007;0.0184021;-98.74769;9.975911;0.000402888;180;-7.067385;-90.00006;1.05E-06;-3.84E-06;-1;0.1230366;-0.9924026;3.96E-06;-0.9924024;-0.1230366;-9.79E-07;-0.9924026;-0.1230366;-9.79E-07;1;0;1;0
6.1623;297.4683;114.2315;0.0184021;-99.13324;6.765927;0.000399589;180;-8.828662;-90.00005;8.02E-07;-3.76E-06;-1;0.1534802;-0.9881524;3.89E-06;-0.988152;-0.1534802;-8.67E-07;-0.9881524;-0.1534802;-8.67E-07;1;0;1;0
6.179;295.822;114.2088;0.0184021;-99.41827;3.544009;0.000396551;180;-10.59106;-90.00005;1.13E-06;-3.66E-06;-1;0.1837979;-0.9829645;3.85E-06;-0.9829643;-0.1837979;-8.96E-07;-0.9829645;-0.1837979;-8.96E-07;1;0;1;0
6.1957;294.1752;114.1326;0.0184021;-99.60212;0.313163;0.000393417;180;-12.35481;-90.00005;1.34E-06;-3.60E-06;-1;0.2139651;-0.9768414;3.82E-06;-0.9768414;-0.2139651;-6.86E-07;-0.9768415;-0.2139651;-6.86E-07;1;0;1;0
6.2124;292.5295;114.0028;0.01843262;-99.68423;-2.923562;0.000390955;180;-14.12022;-90.00005;1.28E-06;-3.66E-06;-1;0.2439572;-0.9697864;3.91E-06;-0.9697862;-0.2439572;-7.44E-07;-0.9697865;-0.2439572;-7.44E-07;1;0;1;0
6.2291;290.8867;113.8194;0.01843262;-99.66412;-6.163077;0.000388603;180;-15.88746;-90.00002;1.27E-06;-3.59E-06;-1;0.2737488;-0.9618014;3.83E-06;-0.9618014;-0.2737488;-3.99E-07;-0.9618015;-0.2737488;-3.99E-07;1;0;1;0
6.2458;289.2484;113.5826;0.01843262;-99.54142;-9.40225;0.000387202;180;-17.6568;-90.00005;1.25E-06;-3.44E-06;-1;0.3033147;-0.9528911;3.76E-06;-0.9528908;-0.3033147;-7.15E-07;-0.9528912;-0.3033147;-7.15E-07;1;0;1;0
6.2625;287.6163;113.2924;0.01843262;-99.31583;-12.63792;0.000384672;180;-19.42844;-90.00004;1.45E-06;-3.35E-06;-1;0.3326293;-0.943058;3.68E-06;-0.9430578;-0.3326293;-5.76E-07;-0.943058;-0.3326293;-5.76E-07;1;0;1;0
6.2792;285.9923;112.949;0.01843262;-98.98718;-15.86687;0.000382469;180;-21.20259;-90.00005;1.36E-06;-3.29E-06;-1;0.3616667;-0.9323081;3.67E-06;-0.9323078;-0.3616667;-6.67E-07;-0.9323081;-0.3616667;-6.67E-07;1;0;1;0
6.2959;284.3779;112.5527;0.01846313;-98.55538;-19.08588;0.00038001;180;-22.97944;-90.00003;1.45E-06;-3.35E-06;-1;0.3904008;-0.9206455;3.76E-06;-0.9206452;-0.3904008;-5.22E-07;-0.9206455;-0.3904008;-5.22E-07;1;0;1;0
6.3126;282.7749;112.1037;0.01846313;-98.02045;-22.29169;0.000378302;180;-24.75916;-90.00004;1.43E-06;-3.35E-06;-1;0.4188052;-0.9080769;3.80E-06;-0.9080765;-0.4188052;-5.92E-07;-0.9080768;-0.4188052;-5.92E-07;1;0;1;0
6.3293;281.185;111.6025;0.01846313;-97.38254;-25.48101;0.000376538;180;-26.54195;-90.00002;1.42E-06;-3.34E-06;-1;0.446853;-0.8946079;3.73E-06;-0.8946077;-0.446853;-2.46E-07;-0.8946079;-0.446853;-2.46E-07;1;0;1;0
6.346;279.6098;111.0493;0.01846313;-96.64187;-28.65054;0.00037573;180;-28.32795;-90.00003;1.55E-06;-3.23E-06;-1;0.4745178;-0.8802466;3.73E-06;-0.8802462;-0.4745178;-4.17E-07;-0.8802465;-0.4745178;-4.17E-07;1;0;1;0
6.3627;278.0511;110.4447;0.01846313;-95.79881;-31.79695;0.000374418;180;-30.11731;-90.00001;1.83E-06;-3.34E-06;-1;0.5017722;-0.8650001;3.84E-06;-0.865;-0.5017722;-1.34E-07;-0.8650001;-0.5017722;-1.34E-07;1;0;1;0
6.3794;276.5107;109.7892;0.01849365;-94.85381;-34.91691;0.000374338;180;-31.91018;-90;1.84E-06;-3.28E-06;-1;0.5285892;-0.848878;3.84E-06;-0.8488779;-0.5285892;-6.71E-08;-0.848878;-0.5285892;-6.71E-08;1;0;1;0
6.3961;274.9899;109.0833;0.01849365;-93.80748;-38.00708;0.000374484;179.9802;-33.70667;-90.00001;1.77E-06;-3.28E-06;-1;0.5549415;-0.83189;3.87E-06;-0.8318897;-0.5549415;-1.34E-07;-0.8318899;-0.5549415;-1.34E-07;1;0;1;0
6.4128;273.4907;108.3277;0.01849365;-92.66051;-41.06412;0.000374506;180;-35.50691;-90;1.92E-06;-3.25E-06;-1;0.5808012;-0.8140458;3.84E-06;-0.8140456;-0.5808012;1.49E-08;-0.8140457;-0.5808012;1.49E-08;1;0;1;0
6.4295;272.0145;107.5231;0.01849365;-91.41375;-44.08469;0.000374932;180;-37.31101;-90;2.18E-06;-3.16E-06;-1;0.6061412;-0.7953573;3.87E-06;-0.7953572;-0.6061412;-2.24E-08;-0.7953573;-0.6061412;-2.24E-08;1;0;1;0
6.4462;270.5631;106.6702;0.01852417;-90.06812;-47.06544;0.00037532;180;-39.11904;-89.99999;2.05E-06;-3.22E-06;-1;0.6309338;-0.7758371;3.90E-06;-0.7758369;-0.6309338;1.42E-07;-0.7758371;-0.6309338;1.42E-07;1;0;1;0
6.4629;269.1379;105.7697;0.01852417;-88.62471;-50.00306;0.000376301;180;-40.9311;-89.99999;2.03E-06;-3.22E-06;-1;0.6551512;-0.7554984;3.93E-06;-0.7554982;-0.6551512;1.27E-07;-0.7554983;-0.6551512;1.27E-07;1;0;1;0
6.4796;267.7407;104.8226;0.01852417;-87.08472;-52.89425;0.000377302;180;-42.74726;-89.99998;2.13E-06;-3.22E-06;-1;0.6787658;-0.7343553;3.99E-06;-0.7343551;-0.6787658;2.24E-07;-0.7343553;-0.6787658;2.24E-07;1;0;1;0
6.4963;266.3729;103.8298;0.01852417;-85.44946;-55.7357;0.000378747;180;-44.56758;-89.99999;2.34E-06;-3.04E-06;-1;0.7017503;-0.7124235;3.93E-06;-0.7124233;-0.7017503;1.34E-07;-0.7124235;-0.7017503;1.34E-07;1;0;1;0
6.513;265.0361;102.7921;0.01852417;-83.72038;-58.52417;0.000379736;180;-46.39214;-89.99999;2.35E-06;-3.01E-06;-1;0.7240773;-0.6897194;3.96E-06;-0.6897191;-0.7240773;1.49E-07;-0.6897193;-0.7240773;1.49E-07;1;0;1;0
6.5297;263.7318;101.7107;0.01855469;-81.89905;-61.25644;0.000380838;180;-48.22092;-89.99996;2.28E-06;-3.13E-06;-1;0.7457196;-0.6662605;3.96E-06;-0.6662604;-0.7457196;4.32E-07;-0.6662605;-0.7457196;4.32E-07;1;0;1;0
6.5464;262.4613;100.5866;0.01855469;-79.98717;-63.92931;0.000382811;180;-50.05399;-89.99995;2.32E-06;-3.07E-06;-1;0.76665;-0.6420659;3.96E-06;-0.6420656;-0.76665;4.77E-07;-0.6420658;-0.76665;4.77E-07;1;0;1;0
6.5631;261.2262;99.42087;0.01855469;-77.98658;-66.53966;0.000384888;180;-51.89136;-89.99994;2.28E-06;-3.04E-06;-1;0.786842;-0.6171548;3.78E-06;-0.6171547;-0.7868421;7.30E-07;-0.6171547;-0.7868421;7.30E-07;1;0;1;0
6.5798;260.0278;98.21471;0.01855469;-75.89921;-69.08439;0.000387253;180;-53.73304;-89.99993;2.21E-06;-2.86E-06;-1;0.8062696;-0.5915486;3.61E-06;-0.5915484;-0.8062696;7.15E-07;-0.5915485;-0.8062696;7.15E-07;1;0;1;0
6.5965;258.8675;96.96932;0.01855469;-73.72713;-71.56046;0.000389058;180;-55.57904;-89.99992;2.01E-06;-2.89E-06;-1;0.8249069;-0.5652692;3.52E-06;-0.565269;-0.824907;8.20E-07;-0.5652691;-0.824907;8.20E-07;1;0;1;0
6.6132;257.7466;95.68599;0.01858521;-71.47255;-73.96492;0.00039092;180;-57.42932;-89.99989;2.49E-06;-2.92E-06;-1;0.842728;-0.5383398;3.76E-06;-0.5383397;-0.842728;9.98E-07;-0.5383398;-0.842728;9.98E-07;1;0;1;0
6.6299;256.6664;94.36602;0.01858521;-69.13776;-76.29485;0.000393927;180;-59.28388;-89.99991;2.28E-06;-2.80E-06;-1;0.8597088;-0.5107852;3.64E-06;-0.510785;-0.8597088;8.49E-07;-0.5107851;-0.8597088;8.49E-07;1;0;1;0
6.6466;255.6281;93.01077;0.01858521;-66.72521;-78.54742;0.000396088;180;-61.14268;-89.99987;2.24E-06;-2.92E-06;-1;0.8758245;-0.4826304;3.61E-06;-0.4826302;-0.8758246;1.10E-06;-0.4826303;-0.8758246;1.10E-06;1;0;1;0
6.6633;254.6329;91.62163;0.01860046;-64.23743;-80.71989;0.000398919;180;-63.0057;-89.99987;2.41E-06;-2.80E-06;-1;0.8910519;-0.4539024;3.70E-06;-0.4539021;-0.8910519;9.83E-07;-0.4539022;-0.8910519;9.83E-07;1;0;1;0
6.68;253.6819;90.20005;0.01860046;-61.67709;-82.8096;0.000401547;180;-64.87287;-89.99984;2.62E-06;-2.53E-06;-1;0.9053679;-0.4246281;3.46E-06;-0.4246281;-0.9053679;1.19E-06;-0.4246281;-0.9053679;1.19E-06;1;0;1;0
6.6967;252.7763;88.74753;0.01861572;-59.04696;-84.81396;0.000404142;180;-66.74416;-89.99985;2.47E-06;-2.56E-06;-1;0.9187512;-0.3948379;3.49E-06;-0.3948376;-0.9187511;1.04E-06;-0.3948377;-0.9187511;1.04E-06;1;0;1;0
6.7134;251.917;87.26557;0.01861572;-56.3499;-86.73051;0.000406289;180;-68.61947;-89.99982;2.50E-06;-2.44E-06;-1;0.9311799;-0.3645607;3.40E-06;-0.3645605;-0.9311799;1.13E-06;-0.3645605;-0.9311799;1.13E-06;1;0;1;0
6.7301;251.105;85.75574;0.01863098;-53.58891;-88.55685;0.000408432;180;-70.49874;-89.99982;2.44E-06;-2.47E-06;-1;0.9426345;-0.333828;3.46E-06;-0.3338277;-0.9426345;1.07E-06;-0.3338279;-0.9426345;1.07E-06;1;0;1;0
6.7468;250.3414;84.21964;0.01863098;-50.76704;-90.29074;0.000410497;180;-72.38191;-89.99978;2.50E-06;-2.44E-06;-1;0.9530954;-0.3026712;3.43E-06;-0.3026709;-0.9530954;1.19E-06;-0.302671;-0.9530954;1.19E-06;1;0;1;0
6.7635;249.6268;82.6589;0.01863098;-47.88748;-91.93;0.00041281;180;-74.26889;-89.99967;2.62E-06;-2.47E-06;-1;0.9625448;-0.2711233;3.28E-06;-0.2711232;-0.9625448;1.55E-06;-0.2711232;-0.9625448;1.55E-06;1;0;1;0
6.7802;248.9622;81.07517;0.01864624;-44.95348;-93.4726;0.000415792;180;-76.15955;-89.99972;2.74E-06;-2.24E-06;-1;0.9709659;-0.2392194;3.49E-06;-0.2392192;-0.9709659;1.19E-06;-0.2392192;-0.9709659;1.19E-06;1;0;1;0
6.7969;248.3484;79.47015;0.01864624;-41.9684;-94.9166;0.000418137;180;-78.05379;-89.99959;2.80E-06;-2.26E-06;-1;0.9783425;-0.2069936;3.34E-06;-0.2069934;-0.9783425;1.49E-06;-0.2069935;-0.9783425;1.49E-06;1;0;1;0
6.8136;247.7859;77.84554;0.0186615;-38.93565;-96.26023;0.000420963;180;-79.95153;-89.9995;3.07E-06;-2.12E-06;-1;0.9846605;-0.1744813;3.43E-06;-0.1744812;-0.9846605;1.52E-06;-0.1744812;-0.9846605;1.52E-06;1;0;1;0
6.8303;247.2755;76.2031;0.0186615;-35.85873;-97.5018;0.000424052;180;-81.85262;-89.99936;2.83E-06;-2.21E-06;-1;0.989907;-0.1417201;3.28E-06;-0.1417199;-0.989907;1.58E-06;-0.1417199;-0.989907;1.58E-06;1;0;1;0
6.847;246.8178;74.54457;0.01867676;-32.74122;-98.63979;0.000426854;180;-83.75695;-89.99927;2.65E-06;-2.06E-06;-1;0.9940698;-0.1087467;3.19E-06;-0.1087463;-0.9940698;1.40E-06;-0.1087464;-0.9940698;1.40E-06;1;0;1;0
6.8637;246.4132;72.87175;0.01867676;-29.58675;-99.67278;0.000428789;180;-85.6644;-89.99885;2.77E-06;-1.97E-06;-1;0.9971386;-0.07559854;3.10E-06;-0.07559836;-0.9971386;1.52E-06;-0.07559837;-0.9971386;1.52E-06;1;0;1;0
6.8804;246.0622;71.18643;0.01869202;-26.39899;-100.5995;0.00043081;180;-87.57481;-89.99802;2.71E-06;-1.85E-06;-1;0.9991046;-0.04231519;3.01E-06;-0.04231498;-0.9991046;1.46E-06;-0.04231499;-0.9991046;1.46E-06;1;0;1;0
6.8971;245.7652;69.49043;0.01869202;-23.1817;-101.4189;0.000432356;180;-89.48806;-89.98911;2.65E-06;-1.91E-06;-1;0.9999602;-0.008935094;2.86E-06;-0.008934915;-0.9999602;1.70E-06;-0.008934917;-0.9999602;1.70E-06;1;0;1;0
6.9138;245.5225;67.78555;0.01870728;-19.93865;-102.13;0.000434211;0;-88.59599;89.99616;2.56E-06;-1.76E-06;-1;0.9997;0.02450183;2.71E-06;0.02450207;-0.9997;1.64E-06;0.02450207;-0.9997;1.64E-06;1;0;1;0
6.9305;245.3344;66.07365;0.01870728;-16.67366;-102.7319;0.000435434;0;-86.67751;89.9985;2.68E-06;-1.61E-06;-1;0.9983194;0.05795565;2.80E-06;0.05795586;-0.9983194;1.52E-06;0.05795588;-0.9983194;1.52E-06;1;0;1;0
6.9472;245.201;64.35658;0.01872253;-13.39058;-103.2239;0.000436493;0;-84.75665;89.99899;2.53E-06;-1.55E-06;-1;0.9958158;0.09138581;2.53E-06;0.09138602;-0.9958158;1.61E-06;0.09138604;-0.9958158;1.61E-06;1;0;1;0
6.9639;245.1225;62.63616;0.01872253;-10.09329;-103.6056;0.000437086;0;-82.83358;89.99928;2.65E-06;-1.37E-06;-1;0.9921882;0.1247517;2.62E-06;0.1247519;-0.9921882;1.55E-06;0.1247519;-0.9921882;1.55E-06;1;0;1;0
6.9806;245.099;60.91425;0.01873779;-6.785676;-103.8764;0.000437717;0;-80.90842;89.99941;2.71E-06;-1.34E-06;-1;0.9874372;0.1580127;2.59E-06;0.1580128;-0.9874372;1.64E-06;0.1580129;-0.9874372;1.64E-06;1;0;1;0
6.9973;245.1304;59.1927;0.01873779;-3.471642;-104.0364;0.000438532;0;-78.98138;89.99952;2.80E-06;-1.22E-06;-1;0.9815652;0.1911278;2.65E-06;0.1911279;-0.9815652;1.61E-06;0.1911279;-0.9815652;1.61E-06;1;0;1;0
7.014;245.2168;57.47335;0.01875305;-0.1550949;-104.0852;0.000439392;0;-77.05262;89.99956;2.89E-06;-1.16E-06;-1;0.9745764;0.224056;2.62E-06;0.2240561;-0.9745763;1.73E-06;0.2240561;-0.9745763;1.73E-06;1;0;1;0
7.0307;245.3578;55.75803;0.01875305;3.160065;-104.0231;0.000440523;0;-75.12229;89.99963;2.89E-06;-1.13E-06;-1;0.9664763;0.2567565;2.74E-06;0.2567568;-0.9664763;1.64E-06;0.2567569;-0.9664763;1.64E-06;1;0;1;0
7.0474;245.5534;54.04858;0.01876831;6.469946;-103.8501;0.000441664;0;-73.19059;89.99969;2.77E-06;-9.83E-07;-1;0.9572723;0.2891888;2.62E-06;0.2891891;-0.9572723;1.58E-06;0.2891891;-0.9572723;1.58E-06;1;0;1;0
7.0641;245.8033;52.34682;0.01876831;9.770673;-103.5668;0.000442269;0;-71.25769;89.99966;3.16E-06;-9.83E-07;-1;0.9469733;0.3213124;2.77E-06;0.3213124;-0.9469733;1.91E-06;0.3213124;-0.9469733;1.91E-06;1;0;1;0
7.0808;246.1072;50.65456;0.01878357;13.05839;-103.1736;0.000444284;0;-69.32376;89.99969;3.19E-06;-9.24E-07;-1;0.9355906;0.3530868;2.74E-06;0.3530869;-0.9355906;1.94E-06;0.3530869;-0.9355906;1.94E-06;1;0;1;0
7.0975;246.4647;48.97357;0.01878357;16.32928;-102.6712;0.000446259;0;-67.38897;89.99973;3.04E-06;-8.64E-07;-1;0.9231364;0.3844729;2.71E-06;0.3844731;-0.9231364;1.82E-06;0.3844732;-0.9231364;1.82E-06;1;0;1;0
7.1142;246.8752;47.30564;0.01879883;19.57957;-102.0604;0.000447729;0;-65.45353;89.99971;3.28E-06;-9.24E-07;-1;0.9096247;0.4154312;2.74E-06;0.4154313;-0.9096247;2.12E-06;0.4154314;-0.9096247;2.12E-06;1;0;1;0
7.1309;247.3384;45.65253;0.01879883;22.8055;-101.3422;0.000450173;0.01978234;-63.51758;89.99973;3.31E-06;-8.64E-07;-1;0.8950715;0.445923;2.86E-06;0.4459233;-0.8950715;2.09E-06;0.4459235;-0.8950715;2.09E-06;1;0;1;0
7.1476;247.8536;44.01594;0.01881409;26.00338;-100.5176;0.000452778;0;-61.58133;89.99973;3.37E-06;-8.64E-07;-1;0.8794937;0.4759107;2.77E-06;0.4759109;-0.8794937;2.24E-06;0.475911;-0.8794937;2.24E-06;1;0;1;0
7.1643;248.4203;42.3976;0.01881409;29.16958;-99.58784;0.000455542;0;-59.64495;89.99974;3.43E-06;-7.15E-07;-1;0.8629106;0.5053568;2.80E-06;0.5053571;-0.8629106;2.25E-06;0.5053572;-0.8629106;2.25E-06;1;0;1;0
7.181;249.0376;40.79918;0.01882935;32.30053;-98.55436;0.00045836;0;-57.70863;89.99974;3.44E-06;-7.45E-07;-1;0.8453424;0.534225;2.68E-06;0.5342252;-0.8453425;2.38E-06;0.5342253;-0.8453425;2.38E-06;1;0;1;0
7.1977;249.705;39.22232;0.01882935;35.39271;-97.41861;0.000461207;0;-55.77253;89.99975;3.59E-06;-6.26E-07;-1;0.8268111;0.5624799;2.71E-06;0.56248;-0.8268111;2.47E-06;0.56248;-0.8268111;2.47E-06;1;0;1;0
7.2144;250.4215;37.66865;0.0188446;38.44268;-96.18221;0.000464338;0;-53.83685;89.99976;3.52E-06;-5.36E-07;-1;0.8073401;0.5900865;2.68E-06;0.5900866;-0.8073401;2.44E-06;0.5900868;-0.8073401;2.44E-06;1;0;1;0
7.2311;251.1864;36.13975;0.0188446;41.44708;-94.84692;0.000467216;0;-51.90176;89.99978;3.44E-06;-4.77E-07;-1;0.7869542;0.6170115;2.62E-06;0.6170118;-0.7869542;2.41E-06;0.6170119;-0.7869542;2.41E-06;1;0;1;0
7.2478;251.9987;34.63717;0.01885986;44.40263;-93.41457;0.000469766;0;-49.96743;89.99977;3.58E-06;-4.47E-07;-1;0.765679;0.6432229;2.56E-06;0.643223;-0.7656791;2.58E-06;0.6432231;-0.7656791;2.58E-06;1;0;1;0
7.2645;252.8575;33.16242;0.01885986;47.30614;-91.88715;0.000472606;0;-48.03404;89.99979;3.44E-06;-3.58E-07;-1;0.7435424;0.6686889;2.53E-06;0.6686891;-0.7435424;2.49E-06;0.6686893;-0.7435424;2.49E-06;1;0;1;0
7.2812;253.7617;31.71698;0.01887512;50.15451;-90.26674;0.000475014;0.01978234;-46.10179;89.99979;3.58E-06;-2.98E-07;-1;0.7205728;0.6933793;2.47E-06;0.6933795;-0.7205728;2.65E-06;0.6933795;-0.7205728;2.65E-06;1;0;1;0
7.2979;254.7104;30.30229;0.01887512;52.94471;-88.55552;0.000477715;0;-44.17079;89.9998;3.47E-06;-1.49E-07;-1;0.6967999;0.7172657;2.50E-06;0.717266;-0.6967998;2.52E-06;0.7172662;-0.6967998;2.52E-06;1;0;1;0
7.3146;255.7024;28.91974;0.01889038;55.67384;-86.75578;0.000480005;0;-42.24126;89.9998;3.52E-06;-8.94E-08;-1;0.6722541;0.7403206;2.47E-06;0.7403209;-0.6722541;2.61E-06;0.7403211;-0.6722541;2.61E-06;1;0;1;0
7.3313;256.7366;27.57069;0.01889038;58.33909;-84.86988;0.000482437;0;-40.31334;89.9998;3.58E-06;5.96E-08;-1;0.6469674;0.7625176;2.38E-06;0.7625177;-0.6469674;2.68E-06;0.7625177;-0.6469674;2.68E-06;1;0;1;0
7.348;257.8118;26.25644;0.01889038;60.93775;-82.90031;0.000484806;0;-38.3872;89.99981;3.62E-06;2.09E-07;-1;0.6209728;0.7838322;2.53E-06;0.7838324;-0.6209728;2.67E-06;0.7838326;-0.6209728;2.67E-06;1;0;1;0
7.3647;258.9268;24.97826;0.0189209;63.46721;-80.8496;0.00048748;0;-36.46299;89.99981;3.67E-06;3.58E-07;-1;0.5943035;0.8042409;2.59E-06;0.804241;-0.5943036;2.69E-06;0.8042411;-0.5943036;2.69E-06;1;0;1;0
7.3814;260.0803;23.73736;0.0189209;65.92498;-78.72039;0.000490288;0;-34.54088;89.99979;3.96E-06;5.07E-07;-1;0.5669941;0.8237219;2.71E-06;0.823722;-0.5669941;2.97E-06;0.8237221;-0.5669941;2.97E-06;1;0;1;0
7.3981;261.2711;22.53493;0.0189209;68.30869;-76.51537;0.000494198;-0.01978234;-32.62099;89.99981;3.82E-06;5.36E-07;-1;0.5390795;0.8422549;2.62E-06;0.8422551;-0.5390795;2.90E-06;0.8422553;-0.5390795;2.90E-06;1;0;1;0
7.4148;262.4978;21.37207;0.01895142;70.61604;-74.23732;0.000497564;-0.01978234;-30.70351;89.99981;3.82E-06;6.26E-07;-1;0.5105956;0.859821;2.59E-06;0.8598213;-0.5105956;2.93E-06;0.8598214;-0.5105956;2.93E-06;1;0;1;0
7.4315;263.7591;20.24987;0.01895142;72.84491;-71.88906;0.00050086;0;-28.78854;89.99981;3.73E-06;7.90E-07;-1;0.4815784;0.876403;2.55E-06;0.8764031;-0.4815784;2.87E-06;0.8764032;-0.4815784;2.87E-06;1;0;1;0
