Time;X;Y;Z;Vx;Vy;Vz;Roll;Pitch;Yaw;pRight.wRight;pRight.wUp;pRight.wForward;pUp.wRight;pUp.wUp;pUp.wForward;pForward.wRight;pForward.wUp;pForward.wForward;ScalarRoll;ScalarPitch;ScalarYaw;InputAccelerate;InputRoll;InputPitch;InputRoll
13.3934;1282.466;223.8531;786.2075;91.20033;13.76355;63.74406;1.222533;10.0468;55.06895;0.5755111;-0.02100586;-0.8175241;-0.130776;0.9844415;-0.1173569;0.8072699;0.1744527;0.5638099;0.9844415;0.1744527;0.5638099;1;0;0;0
13.4101;1283.99;224.083;787.272;91.20086;13.76458;63.74308;1.222533;10.04684;55.06902;0.5755103;-0.02100632;-0.8175249;-0.1307762;0.9844414;-0.1173574;0.8072706;0.1744532;0.563809;0.9844416;0.1744532;0.563809;1;0;0;0
13.4268;1285.513;224.3129;788.3365;91.20137;13.76558;63.74213;1.222373;10.04686;55.06908;0.5755094;-0.02100677;-0.8175254;-0.1307765;0.9844413;-0.1173579;0.8072711;0.1744537;0.563808;0.9844414;0.1744537;0.563808;1;0;0;0
13.4435;1287.036;224.5428;789.4009;91.20187;13.76655;63.74121;1.222533;10.0469;55.06914;0.5755086;-0.0210072;-0.817526;-0.1307769;0.9844412;-0.1173584;0.8072716;0.1744542;0.5638071;0.9844413;0.1744542;0.5638071;1;0;0;0
13.4602;1288.559;224.7727;790.4653;91.20235;13.7675;63.7403;1.222373;10.04692;55.06919;0.5755079;-0.0210076;-0.8175264;-0.1307773;0.984441;-0.117359;0.807272;0.1744549;0.5638063;0.9844412;0.1744549;0.5638063;1;0;0;0
13.4769;1290.082;225.0026;791.5297;91.20283;13.76843;63.73942;1.222533;10.04698;55.06924;0.5755072;-0.02100795;-0.8175269;-0.1307778;0.9844409;-0.1173596;0.8072724;0.1744557;0.5638055;0.984441;0.1744557;0.5638055;1;0;0;0
13.4936;1291.605;225.2326;792.5943;91.20329;13.76933;63.73856;1.222694;10.04702;55.06926;0.575507;-0.02100807;-0.817527;-0.1307785;0.9844407;-0.1173602;0.8072724;0.1744566;0.5638052;0.9844408;0.1744566;0.5638052;1;0;0;0
13.5103;1293.128;225.4625;793.6586;91.20374;13.77021;63.73773;1.222533;10.04708;55.06929;0.5755067;-0.02100823;-0.8175273;-0.1307792;0.9844406;-0.1173609;0.8072726;0.1744575;0.5638047;0.9844408;0.1744575;0.5638047;1;0;0;0
13.527;1294.651;225.6925;794.7231;91.20418;13.77107;63.73692;1.222533;10.04714;55.06929;0.5755067;-0.02100836;-0.8175272;-0.1307798;0.9844404;-0.1173614;0.8072723;0.1744584;0.5638046;0.9844404;0.1744584;0.5638046;1;0;0;0
13.5437;1296.174;225.9225;795.7874;91.20461;13.77191;63.73613;1.222533;10.04722;55.06932;0.5755063;-0.02100853;-0.8175275;-0.1307806;0.9844403;-0.1173621;0.8072726;0.1744593;0.5638041;0.9844404;0.1744593;0.5638041;1;0;0;0
13.5604;1297.697;226.1525;796.8519;91.20502;13.77273;63.73536;1.222694;10.04725;55.06932;0.5755063;-0.02100857;-0.8175275;-0.1307814;0.98444;-0.1173627;0.8072724;0.1744604;0.5638039;0.9844401;0.1744604;0.5638039;1;0;0;0
13.5771;1299.22;226.3825;797.9162;91.20542;13.77352;63.7346;1.222533;10.04733;55.06933;0.5755062;-0.02100864;-0.8175276;-0.1307823;0.9844398;-0.1173634;0.8072724;0.1744615;0.5638037;0.98444;0.1744615;0.5638037;1;0;0;0
13.5938;1300.744;226.6126;798.9807;91.20581;13.7743;63.73388;1.222694;10.04739;55.0693;0.5755067;-0.02100851;-0.8175272;-0.1307834;0.9844396;-0.1173641;0.8072719;0.1744628;0.563804;0.9844397;0.1744628;0.563804;1;0;0;0
13.6105;1302.267;226.8426;800.0449;91.20619;13.77506;63.73317;1.222694;10.04747;55.06929;0.5755069;-0.02100841;-0.8175271;-0.1307846;0.9844394;-0.1173649;0.8072715;0.1744642;0.5638041;0.9844395;0.1744642;0.5638041;1;0;0;0
13.6272;1303.79;227.0727;801.1092;91.20656;13.77581;63.73248;1.222533;10.04757;55.06924;0.5755075;-0.02100819;-0.8175267;-0.1307858;0.9844391;-0.1173656;0.8072709;0.1744657;0.5638045;0.9844393;0.1744657;0.5638045;1;0;0;0
13.6439;1305.313;227.3027;802.1736;91.20692;13.77654;63.73181;1.222533;10.04765;55.06919;0.5755081;-0.02100791;-0.8175263;-0.1307871;0.9844389;-0.1173663;0.8072702;0.1744671;0.563805;0.984439;0.1744671;0.563805;1;0;0;0
13.6606;1306.836;227.5329;803.238;91.20726;13.77725;63.73116;1.222533;10.04774;55.06916;0.5755087;-0.02100767;-0.8175258;-0.1307884;0.9844386;-0.1173671;0.8072695;0.1744687;0.5638054;0.9844386;0.1744687;0.5638054;1;0;0;0
13.6773;1308.359;227.7629;804.3022;91.20759;13.77795;63.73053;1.222533;10.04784;55.06912;0.5755093;-0.02100742;-0.8175255;-0.1307899;0.9844383;-0.117368;0.807269;0.1744704;0.5638058;0.9844384;0.1744704;0.5638058;1;0;0;0
13.694;1309.883;227.993;805.3663;91.20791;13.77864;63.72992;1.222533;10.04796;55.0691;0.5755095;-0.02100731;-0.8175253;-0.1307913;0.984438;-0.1173689;0.8072685;0.1744722;0.5638059;0.9844381;0.1744722;0.5638059;1;0;0;0
13.7107;1311.406;228.2232;806.4307;91.20822;13.77931;63.72932;1.222533;10.04804;55.06908;0.5755098;-0.02100718;-0.8175251;-0.1307927;0.9844377;-0.1173698;0.8072681;0.1744737;0.563806;0.9844378;0.1744737;0.563806;1;0;0;0
13.7274;1312.929;228.4533;807.4949;91.20852;13.77997;63.72875;1.222533;10.04814;55.06907;0.57551;-0.02100711;-0.817525;-0.1307939;0.9844375;-0.1173706;0.8072679;0.1744752;0.5638061;0.9844378;0.1744752;0.5638061;1;0;0;0
13.7441;1314.452;228.6834;808.5593;91.20881;13.78061;63.72819;1.222373;10.04819;55.06905;0.5755103;-0.02100701;-0.8175249;-0.130795;0.9844372;-0.1173714;0.8072675;0.1744766;0.5638061;0.9844375;0.1744766;0.5638061;1;0;0;0
13.7608;1315.975;228.9136;809.6235;91.20909;13.78124;63.72764;1.222694;10.04827;55.06905;0.5755104;-0.02100696;-0.8175247;-0.1307962;0.984437;-0.1173721;0.8072672;0.174478;0.5638061;0.9844372;0.174478;0.5638061;1;1;0;0
13.7775;1317.499;229.1437;810.6872;91.20937;13.78186;63.72711;1.408616;10.04808;55.08132;0.5757574;-0.02420758;-0.8172623;-0.1289472;0.9843641;-0.12;0.8073885;0.1744746;0.5636334;0.9843644;0.1744746;0.5636334;1;1;0;0
13.7942;1319.023;229.3739;811.7505;91.21001;13.78245;63.72606;1.765692;10.04751;55.10483;0.5762143;-0.03034079;-0.8167354;-0.1254005;0.9841958;-0.125033;0.8076212;0.1744648;0.563303;0.9841961;0.1744648;0.563303;1;1;0;0
13.8109;1320.547;229.604;812.8134;91.21137;13.78299;63.724;2.27933;10.04641;55.13866;0.5768328;-0.03916002;-0.8159232;-0.1202941;0.9838877;-0.1322657;0.8079563;0.1744459;0.562828;0.9838879;0.1744459;0.562828;1;1;0;0
13.8276;1322.071;229.8341;813.8761;91.21374;13.78346;63.7205;2.936183;10.04453;55.1819;0.577558;-0.05043757;-0.8147901;-0.1137536;0.9833798;-0.1415071;0.8083854;0.1744138;0.5622215;0.98338;0.1744138;0.5622215;1;1;0;0
13.8443;1323.596;230.0641;814.9381;91.21738;13.78381;63.71521;3.724468;10.04165;55.23376;0.5783297;-0.06396292;-0.8132917;-0.105894;0.9826016;-0.1525796;0.8089013;0.1743641;0.5614945;0.9826016;0.1743641;0.5614945;1;1;0;0
13.861;1325.121;230.2941;815.9998;91.22254;13.784;63.70779;4.633204;10.03742;55.29349;0.5790862;-0.07954015;-0.8113769;-0.09682132;0.9814764;-0.1653173;0.8094966;0.1742916;0.5606582;0.9814763;0.1742916;0.5606582;1;1;0;0
13.8777;1326.647;230.5241;817.061;91.22942;13.78396;63.69795;5.652324;10.03158;55.36038;0.5797644;-0.09698609;-0.8089914;-0.08663369;0.9799241;-0.1795645;0.8101653;0.174191;0.5597228;0.9799241;0.174191;0.5597228;1;1;0;0
13.8944;1328.172;230.7539;818.1217;91.2382;13.7836;63.68546;6.772597;10.0238;55.43379;0.5803021;-0.1161291;-0.8060791;-0.07542278;0.9778641;-0.195175;0.8109012;0.1740572;0.5586978;0.977864;0.1740572;0.5586978;1;1;0;0
13.9111;1329.698;230.9836;819.182;91.24905;13.78284;63.6701;7.985541;10.01378;55.51306;0.5806391;-0.1368071;-0.8025848;-0.06327464;0.9752169;-0.2120105;0.8116987;0.1738849;0.5575926;0.9752171;0.1738849;0.5575926;1;1;0;0
13.9278;1331.224;231.2132;820.2418;91.26209;13.78155;63.65171;9.283407;10.00121;55.59762;0.5807168;-0.1588669;-0.7984545;-0.05027069;0.9719056;-0.2299401;0.8125522;0.173669;0.5564156;0.9719058;0.173669;0.5564156;1;1;0;0
13.9445;1332.751;231.4426;821.3013;91.27744;13.77963;63.63014;10.65907;9.985818;55.68689;0.5804801;-0.1821627;-0.793637;-0.03648802;0.9678572;-0.2488393;0.8134565;0.1734045;0.5551751;0.9678574;0.1734045;0.5551751;1;1;0;0
13.9612;1334.278;231.6718;822.3598;91.2952;13.77693;63.60529;12.106;9.967367;55.78039;0.5798762;-0.2065559;-0.7880852;-0.02200071;0.9630033;-0.2685899;0.8144075;0.1730873;0.5538784;0.9630034;0.1730873;0.5538784;1;1;0;0
13.9779;1335.806;231.9008;823.4179;91.31544;13.77331;63.57706;13.61825;9.945601;55.87758;0.5788566;-0.2319134;-0.7817551;-0.006879516;0.9572808;-0.2890783;0.8154003;0.172713;0.5525329;0.9572807;0.172713;0.5525329;1;1;0;0
13.9946;1337.334;232.1295;824.4755;91.33823;13.76862;63.54541;15.19026;9.920299;55.97798;0.5773768;-0.2581076;-0.7746073;0.008807369;0.9506319;-0.310196;0.8164303;0.1722777;0.551146;0.9506318;0.1722777;0.551146;1;1;0;0
14.0113;1338.863;232.358;825.5322;91.36362;13.7627;63.51028;16.81703;9.891236;56.08108;0.5753957;-0.2850158;-0.7666067;0.02499385;0.9430049;-0.331839;0.8174933;0.1717783;0.5497246;0.943005;0.1717783;0.5497246;1;1;0;0
14.028;1340.392;232.5862;826.5882;91.39162;13.75537;63.47168;18.49393;9.858278;56.18646;0.5728761;-0.3125203;-0.757723;0.04161622;0.9343542;-0.3539073;0.8185849;0.1712115;0.5482751;0.9343542;0.1712115;0.5482751;1;1;0;0
14.0447;1341.922;232.8141;827.6436;91.42227;13.74648;63.42961;20.21669;9.821228;56.29366;0.5697849;-0.3405072;-0.7479306;0.05861253;0.92464;-0.376305;0.8197011;0.1705749;0.5468039;0.9246402;0.1705749;0.5468039;1;1;0;0
14.0614;1343.452;233.0415;828.6981;91.45557;13.73584;63.3841;21.98146;9.78004;56.40227;0.5660924;-0.3688668;-0.7372088;0.07592238;0.9138286;-0.3989399;0.8208382;0.1698662;0.5453167;0.9138287;0.1698662;0.5453167;1;1;0;0
14.0781;1344.983;233.2686;829.7517;91.49149;13.72327;63.33519;23.78464;9.734538;56.51187;0.5617734;-0.3974934;-0.7255411;0.09348758;0.9018923;-0.4217231;0.821992;0.1690838;0.5438197;0.9018925;0.1690838;0.5438197;1;1;0;0
14.0948;1346.515;233.4952;830.8044;91.53004;13.7086;63.28294;25.62297;9.684685;56.62205;0.556806;-0.4262843;-0.712916;0.1112511;0.8888092;-0.4445689;0.8231589;0.168226;0.5423188;0.8888095;0.168226;0.5423188;1;1;0;0
14.1115;1348.047;233.7214;831.8564;91.57116;13.69165;63.22744;27.49342;9.630393;56.73241;0.5511719;-0.4551409;-0.6993256;0.1291577;0.8745629;-0.467395;0.8243348;0.1672918;0.5408194;0.8745629;0.1672918;0.5408194;1;1;0;0
14.1282;1349.581;233.947;832.9073;91.61482;13.67225;63.16878;29.39325;9.571648;56.84262;0.544856;-0.4839684;-0.6847675;0.1471534;0.8591422;-0.490123;0.8255168;0.1662806;0.5393264;0.8591422;0.1662806;0.5393264;1;1;0;0
14.1449;1351.115;234.172;833.9572;91.66097;13.65021;63.10707;31.31993;9.508389;56.95233;0.5378463;-0.5126748;-0.6692429;0.165186;0.8425416;-0.5126767;0.8267013;0.1651918;0.5378445;0.8425416;0.1651918;0.5378445;1;1;0;0
14.1616;1352.649;234.3964;835.006;91.70954;13.62538;63.04242;33.27114;9.44063;57.06121;0.5301343;-0.5411716;-0.6527565;0.1832041;0.82476;-0.5349834;0.8278852;0.1640254;0.5363784;0.82476;0.1640254;0.5363784;1;1;0;0
14.1783;1354.185;234.6201;836.0538;91.76047;13.59758;62.97497;35.24475;9.368379;57.1689;0.5217148;-0.5693735;-0.6353168;0.2011589;0.8058015;-0.5569732;0.8290651;0.1627816;0.5349331;0.8058015;0.1627816;0.5349331;1;1;0;0
14.195;1355.721;234.8431;837.1005;91.81367;13.56665;62.90485;37.23881;9.291702;57.2751;0.5125853;-0.5971986;-0.6169361;0.2190019;0.7856743;-0.5785793;0.8302376;0.1614611;0.5335128;0.7856744;0.1614611;0.5335128;1;1;0;0
14.2117;1357.259;235.0653;838.1461;91.86906;13.53245;62.83223;39.25153;9.21066;57.37951;0.502746;-0.624568;-0.5976297;0.2366868;0.7643913;-0.5997377;0.8314;0.1600647;0.5321217;0.7643914;0.1600647;0.5321217;1;1;0;0
14.2284;1358.797;235.2867;839.1904;91.92654;13.49482;62.75725;41.28127;9.125245;57.48182;0.4921995;-0.6514062;-0.5774164;0.2541684;0.7419692;-0.6203872;0.8325492;0.1585934;0.5307637;0.7419692;0.1585934;0.5307637;1;1;0;0
14.2451;1360.336;235.5072;840.2336;91.98601;13.45362;62.68009;43.3265;9.035594;57.58175;0.4809518;-0.6776404;-0.5563174;0.2714034;0.7184284;-0.6404693;0.8336821;0.1570485;0.5294433;0.7184286;0.1570485;0.5294433;1;1;0;0
14.2618;1361.876;235.7267;841.2756;92.04736;13.40873;62.60093;45.38585;8.941822;57.67902;0.4690103;-0.7032013;-0.534357;0.2883496;0.6937932;-0.6599285;0.8347957;0.1554317;0.5281639;0.6937932;0.1554317;0.5281639;1;1;0;0
14.2785;1363.417;235.9453;842.3163;92.11049;13.36001;62.51994;47.45809;8.844002;57.77341;0.4563846;-0.7280231;-0.511562;0.3049664;0.6680906;-0.6787124;0.835888;0.1537447;0.5269288;0.6680907;0.1537447;0.5269288;1;1;0;0
14.2952;1364.96;236.1628;843.3558;92.17527;13.30736;62.43731;49.54201;8.742242;57.86464;0.443087;-0.7520421;-0.4879616;0.3212147;0.6413516;-0.6967705;0.8369558;0.1519895;0.5257415;0.6413515;0.1519895;0.5257415;1;1;0;0
14.3119;1366.503;236.3792;844.3941;92.24158;13.25067;62.35324;51.63659;8.636678;57.9525;0.4291313;-0.7751988;-0.4635873;0.3370572;0.6136092;-0.7140561;0.837997;0.1501684;0.5246053;0.6136093;0.1501684;0.5246053;1;1;0;0
14.3286;1368.047;236.5943;845.431;92.30928;13.18984;62.26793;53.74086;8.527469;58.03677;0.4145331;-0.7974361;-0.4384726;0.3524576;0.5848999;-0.7305244;0.839009;0.1482837;0.5235226;0.5849;0.1482837;0.5235226;1;1;0;0
14.3453;1369.593;236.8083;846.4668;92.37825;13.1248;62.18157;55.85392;8.414753;58.11725;0.3993102;-0.8186997;-0.4126527;0.3673812;0.5552622;-0.7461334;0.8399896;0.1463379;0.5224967;0.5552622;0.1463379;0.5224967;1;1;0;0
14.362;1371.139;237.0209;847.5012;92.44835;13.05546;62.09438;57.97498;8.298697;58.19378;0.3834814;-0.8389392;-0.3861648;0.3817947;0.5247369;-0.7608443;0.8409369;0.144334;0.5215293;0.524737;0.144334;0.5215293;1;1;0;0
14.3787;1372.687;237.2321;848.5341;92.51944;12.98176;62.00655;60.10328;8.179493;58.26614;0.3670677;-0.8581062;-0.3590474;0.395667;0.4933676;-0.7746199;0.8418485;0.1422748;0.5206236;0.4933676;0.1422748;0.5206236;1;1;0;0
14.3954;1374.235;237.4419;849.566;92.59138;12.90366;61.91829;62.23817;8.057297;58.33423;0.3500907;-0.8761562;-0.3313408;0.4089677;0.4611991;-0.7874267;0.8427229;0.1401631;0.5197811;0.461199;0.1401631;0.5197811;1;1;0;0
14.4121;1375.785;237.6502;850.5963;92.66404;12.8211;61.82982;64.37901;7.932266;58.39782;0.3325744;-0.8930469;-0.3030867;0.4216688;0.4282787;-0.7992326;0.8435578;0.1380021;0.5190045;0.4282787;0.1380021;0.5190045;1;1;0;0
14.4288;1377.336;237.8569;851.6255;92.73725;12.73405;61.74135;66.52528;7.804592;58.4568;0.3145425;-0.9087396;-0.2743273;0.4337434;0.3946546;-0.8100089;0.8443516;0.1357946;0.5182954;0.3946546;0.1357946;0.5182954;1;1;0;0
14.4455;1378.888;238.062;852.6534;92.81087;12.6425;61.65308;68.67642;7.674449;58.51099;0.2960219;-0.9231977;-0.2451063;0.4451665;0.3603775;-0.8197285;0.8451023;0.1335445;0.5176563;0.3603775;0.1335445;0.5176563;1;1;0;0
14.4622;1380.441;238.2653;853.6799;92.88477;12.54644;61.56522;70.83199;7.542126;58.56032;0.2770387;-0.9363882;-0.2154688;0.455914;0.3254988;-0.8283677;0.8458086;0.1312547;0.5170882;0.3254988;0.1312547;0.5170882;1;1;0;0
14.4789;1381.995;238.4669;854.7053;92.95877;12.44586;61.47799;72.99159;7.40772;58.60468;0.2576205;-0.9482808;-0.1854599;0.4659634;0.2900708;-0.835905;0.8464691;0.1289288;0.5165922;0.2900708;0.1289288;0.5165922;1;1;0;0
14.4956;1383.55;238.6666;855.7294;93.03275;12.34078;61.39158;75.1548;7.271437;58.64393;0.2377964;-0.9588477;-0.1551261;0.4752944;0.2541479;-0.8423208;0.8470823;0.1265704;0.5161703;0.254148;0.1265704;0.5161703;1;1;0;0
14.5123;1385.107;238.8644;856.7523;93.10653;12.23122;61.30622;77.3213;7.133554;58.67802;0.2175955;-0.9680644;-0.1245138;0.4838874;0.2177845;-0.8475984;0.847647;0.124183;0.515823;0.2177845;0.124183;0.515823;1;1;0;0
14.529;1386.664;239.0602;857.774;93.17998;12.11722;61.22209;79.49075;6.994258;58.70685;0.1970484;-0.9759087;-0.09367111;0.491725;0.1810368;-0.8517232;0.8481619;0.1217703;0.5155516;0.1810369;0.1217703;0.5155516;1;1;0;0
14.5457;1388.223;239.254;858.7945;93.25294;11.99881;61.13941;81.6629;6.853776;58.73036;0.1761855;-0.9823617;-0.06264526;0.4987913;0.1439607;-0.8546829;0.8486261;0.1193359;0.515357;0.1439608;0.1193359;0.515357;1;1;0;0
14.5624;1389.782;239.4457;859.8138;93.32528;11.87605;61.05836;83.83748;6.712297;58.7485;0.1550386;-0.9874067;-0.03148407;0.5050712;0.1066132;-0.8564678;0.8490385;0.116884;0.5152396;0.1066132;0.116884;0.5152396;1;1;0;0
14.5791;1391.343;239.6353;860.8322;93.39683;11.74901;60.97916;86.01427;6.570055;58.76126;0.1336393;-0.9910302;-0.0002363622;0.5105512;0.06905153;-0.8570704;0.8493989;0.1144178;0.5151994;0.06905166;0.1144178;0.5151994;1;1;0;0
14.5958;1392.905;239.8226;861.8492;93.46745;11.61776;60.90197;88.19304;6.427272;58.7686;0.1120205;-0.9932208;0.03104964;0.5152198;0.03133395;-0.8564852;0.8497059;0.1119414;0.5152369;0.03133402;0.1119414;0.5152369;1;1;0;0
14.6125;1394.468;240.0077;862.8654;93.53701;11.48238;60.82699;90.37361;6.284097;58.77047;0.09021483;-0.9939703;0.06232533;0.5190672;-0.006481528;-0.8547089;0.8499591;0.1094585;0.5153526;-0.006481532;0.1094585;0.5153526;1;1;0;0
14.6292;1396.031;240.1904;863.8804;93.60535;11.34298;60.75441;92.55584;6.140854;58.76683;0.06825525;-0.993273;0.09354249;0.5220854;-0.04433712;-0.8517402;0.8501579;0.106973;0.5155469;-0.0443371;0.106973;0.5155469;1;1;0;0
14.6459;1397.596;240.3707;864.8947;93.67234;11.19964;60.68439;94.73956;5.997734;58.75768;0.04617524;-0.9911255;0.1246528;0.5242668;-0.08217436;-0.8475801;0.8503014;0.1044886;0.5158196;-0.08217433;0.1044886;0.5158196;1;1;0;0
14.6626;1399.162;240.5486;865.9079;93.73784;11.05249;60.61711;96.92464;5.854911;58.74304;0.0240083;-0.9875273;0.1556078;0.5256059;-0.1199349;-0.8422319;0.8503896;0.1020091;0.5161704;-0.1199349;0.1020091;0.5161704;1;1;0;0
14.6793;1400.728;240.724;866.9203;93.80171;10.90165;60.55273;99.11095;5.712613;58.72293;0.001788765;-0.9824801;0.1863597;0.5260982;-0.1575604;-0.8357008;0.8504221;0.09953851;0.5165989;-0.1575604;0.09953851;0.5165989;1;1;0;0
14.696;1402.296;240.8968;867.9318;93.86382;10.74724;60.49143;101.2984;5.571055;58.69738;-0.02044995;-0.9759884;0.2168612;0.5257406;-0.1949935;-0.8279943;0.8503993;0.09708044;0.5171041;-0.1949934;0.09708044;0.5171041;1;1;0;0
14.7127;1403.864;241.0671;868.9427;93.92405;10.5894;60.43335;103.4869;5.430546;58.66638;-0.04267402;-0.968059;0.247065;0.524533;-0.2321762;-0.8191214;0.8503202;0.09463871;0.5176864;-0.2321762;0.09463871;0.5176864;1;1;0;0
14.7294;1405.433;241.2347;869.9528;93.98226;10.42829;60.37865;105.6764;5.291169;58.63001;-0.06484927;-0.958701;0.276925;0.5224746;-0.2690519;-0.8090932;0.8501854;0.09221727;0.5183444;-0.2690518;0.09221727;0.5183444;1;1;0;0
14.7461;1407.003;241.3996;870.9622;94.03834;10.26404;60.32745;107.8667;5.153204;58.58827;-0.08694226;-0.947926;0.3063947;0.5195676;-0.3055637;-0.7979228;0.8499947;0.0898197;0.5190778;-0.3055637;0.0898197;0.5190778;1;1;0;0
14.7628;1408.574;241.5618;871.971;94.09216;10.09684;60.27991;110.0579;5.016885;58.54126;-0.1089187;-0.9357482;0.3354287;0.5158148;-0.3416553;-0.7856255;0.8497484;0.08744994;0.5198851;-0.3416552;0.08744994;0.5198851;1;1;0;0
14.7795;1410.145;241.7213;872.9794;94.14362;9.926841;60.23615;112.2498;4.882427;58.48901;-0.1307457;-0.9221836;0.3639825;0.5112205;-0.3772715;-0.7722176;0.8494465;0.08511126;0.5207657;-0.3772715;0.08511126;0.5207657;1;1;0;0
14.7962;1411.717;241.878;873.9872;94.1926;9.754222;60.19629;114.4425;4.749987;58.43163;-0.1523899;-0.9072508;0.3920122;0.5057904;-0.4123582;-0.7577184;0.8490899;0.08280742;0.5217177;-0.4123581;0.08280742;0.5217177;1;1;0;0
14.8129;1413.289;242.0318;874.9946;94.23901;9.579165;60.16045;116.6358;4.619697;58.36917;-0.1738185;-0.8909706;0.4194746;0.4995316;-0.4468612;-0.742148;0.8486788;0.08054194;0.5227404;-0.4468611;0.08054194;0.5227404;1;1;0;0
14.8296;1414.863;242.1828;876.0016;94.28272;9.401857;60.12874;118.8298;4.491872;58.30177;-0.1949983;-0.8733657;0.4463276;0.4924521;-0.4807277;-0.725529;0.848214;0.07831818;0.5238315;-0.4807276;0.07831818;0.5238315;1;1;0;0
14.8463;1416.437;242.331;877.0085;94.32366;9.222494;60.10126;121.0243;4.366684;58.2295;-0.2158976;-0.8544611;0.4725303;0.4845617;-0.5139062;-0.7078848;0.8476961;0.07613957;0.5249898;-0.5139062;0.07613957;0.5249898;1;1;0;0
14.863;1418.011;242.4762;878.0151;94.36173;9.041273;60.07809;123.2195;4.244271;58.15244;-0.2364843;-0.8342838;0.498042;0.4758716;-0.5463454;-0.6892409;0.8471254;0.07400942;0.526214;-0.5463454;0.07400942;0.526214;1;1;0;0
14.8797;1419.586;242.6185;879.0215;94.39685;8.858397;60.05933;125.4152;4.124928;58.07075;-0.2567276;-0.8128631;0.522824;0.466394;-0.5779966;-0.6696245;0.8465034;0.071931;0.5275018;-0.5779966;0.071931;0.5275018;1;1;0;0
14.8964;1421.161;242.7579;880.0279;94.42893;8.674076;60.04504;127.6115;4.008634;57.98452;-0.276596;-0.7902297;0.5468382;0.4561424;-0.6088106;-0.6490642;0.8458305;0.06990758;0.5288514;-0.6088106;0.06990758;0.5288514;1;1;0;0
14.9131;1422.736;242.8943;881.0343;94.4579;8.488521;60.03531;129.8082;3.895813;57.89386;-0.2960599;-0.7664168;0.5700476;0.4451314;-0.6387407;-0.6275897;0.8451077;0.06794205;0.5302613;-0.6387407;0.06794205;0.5302613;1;1;0;0
14.9298;1424.312;243.0278;882.0407;94.48369;8.301948;60.03019;132.0055;3.786463;57.79892;-0.3150893;-0.741459;0.5924169;0.4333772;-0.6677411;-0.6052327;0.844336;0.06603765;0.5317291;-0.6677411;0.06603765;0.5317291;1;1;0;0
14.9465;1425.888;243.1584;883.0474;94.50623;8.114577;60.02972;134.2032;3.680733;57.69982;-0.3336557;-0.7153928;0.6139116;0.4208967;-0.6957674;-0.5820259;0.8435166;0.06419721;0.5332528;-0.6957675;0.06419721;0.5332528;1;1;0;0
14.9632;1427.464;243.286;884.0543;94.52545;7.926633;60.03397;136.4014;3.578944;57.59671;-0.3517305;-0.6882567;0.6344987;0.4077082;-0.7227768;-0.5580037;0.8426505;0.06242348;0.5348303;-0.7227768;0.06242348;0.5348303;1;1;0;0
14.9799;1429.041;243.4106;885.0614;94.54131;7.738338;60.04297;138.6001;3.481047;57.48974;-0.3692864;-0.6600906;0.6541468;0.3938309;-0.748728;-0.5332013;0.8417392;0.06071922;0.536459;-0.748728;0.06071922;0.536459;1;1;0;0
14.9966;1430.617;243.5323;886.0688;94.55376;7.549922;60.05674;140.7992;3.387378;57.37906;-0.386297;-0.630936;0.6728257;0.3792852;-0.7735816;-0.5076556;0.8407838;0.05908702;0.5381369;-0.7735816;0.05908702;0.5381369;1;1;0;0
15.0133;1432.194;243.651;887.0768;94.56276;7.361614;60.07531;142.9987;3.298;57.26485;-0.4027362;-0.6008359;0.6905072;0.3640925;-0.7972999;-0.4814043;0.8397861;0.05752955;0.539861;-0.7972999;0.05752955;0.539861;1;1;0;0
15.03;1433.77;243.7668;888.0852;94.56827;7.173645;60.09869;145.1987;3.213027;57.14727;-0.418579;-0.5698351;0.7071635;0.348275;-0.8198459;-0.4544866;0.8387472;0.05604897;0.541629;-0.8198459;0.05604897;0.541629;1;1;0;0
15.0467;1435.347;243.8797;889.0941;94.57025;6.986248;60.12688;147.3991;3.132566;57.02649;-0.4338007;-0.5379793;0.7227695;0.331856;-0.8411851;-0.4269422;0.8376688;0.05464761;0.543438;-0.8411852;0.05464761;0.543438;1;1;0;0
15.0634;1436.923;243.9897;890.1038;94.56869;6.799654;60.15988;149.5999;3.05691;56.90269;-0.4483789;-0.5053159;0.7373009;0.3148601;-0.8612853;-0.3988121;0.8365524;0.05332766;0.5452856;-0.8612854;0.05332766;0.5452856;1;1;0;0
15.0801;1438.499;244.0968;891.1143;94.56356;6.614097;60.19767;151.801;2.985965;56.77608;-0.462291;-0.4718934;0.7507357;0.2973121;-0.8801157;-0.3701383;0.8353999;0.0520912;0.5471687;-0.8801157;0.0520912;0.5471687;1;1;0;0
15.0968;1440.075;244.2011;892.1254;94.55486;6.42981;60.24025;154.0026;2.91987;56.6468;-0.4755159;-0.4377615;0.763053;0.2792381;-0.8976471;-0.3409635;0.8342128;0.05093995;0.5490848;-0.8976472;0.05093995;0.5490848;1;1;0;0
15.1135;1441.651;244.3025;893.1375;94.54256;6.247025;60.28756;156.2045;2.858896;56.51509;-0.4880335;-0.4029711;0.7742339;0.260665;-0.913853;-0.311331;0.8329931;0.04987575;0.5510308;-0.913853;0.04987575;0.5510308;1;1;0;0
15.1302;1443.226;244.4012;894.1505;94.52667;6.065975;60.33959;158.4068;2.802886;56.38111;-0.4998242;-0.3675739;0.7842612;0.2416203;-0.9287081;-0.2812853;0.8317426;0.04890022;0.5530037;-0.928708;0.04890022;0.5530037;1;1;0;0
15.1469;1444.801;244.4971;895.1644;94.5072;5.886888;60.39629;160.6095;2.752073;56.2451;-0.5108706;-0.3316228;0.7931194;0.2221324;-0.94219;-0.2508711;0.8304632;0.04801492;0.5550005;-0.9421899;0.04801492;0.5550005;1;1;0;0
15.1636;1446.375;244.5903;896.1797;94.48416;5.709993;60.45759;162.8124;2.706603;56.10719;-0.5211556;-0.2951713;0.8007942;0.2022305;-0.9542771;-0.2201335;0.8291563;0.0472212;0.5570189;-0.9542771;0.0472212;0.5570189;1;1;0;0
15.1803;1447.949;244.6809;897.1959;94.45757;5.535518;60.52345;165.0157;2.666457;55.96761;-0.5306637;-0.2582739;0.8072738;0.1819442;-0.9649512;-0.1891187;0.8278241;0.04652032;0.5590557;-0.9649512;0.04652032;0.5590557;1;1;0;0
15.197;1449.522;244.7688;898.2133;94.42744;5.363685;60.59378;167.2194;2.63158;55.82656;-0.5393806;-0.2209857;0.8125482;0.1613036;-0.9741962;-0.157873;0.8264686;0.04591339;0.5611076;-0.9741962;0.04591339;0.5611076;1;1;0;0
15.2137;1451.095;244.8542;899.232;94.3938;5.194716;60.66853;169.4233;2.60226;55.68428;-0.547292;-0.1833626;0.816609;0.1403397;-0.9819967;-0.1264433;0.825092;0.04540129;0.5631714;-0.9819968;0.04540129;0.5631714;1;1;0;0
15.2304;1452.667;244.937;900.2521;94.35669;5.02883;60.74761;171.6275;2.578305;55.54094;-0.5543866;-0.1454608;0.8194494;0.1190837;-0.9883412;-0.09487648;0.8236961;0.0449848;0.5652445;-0.9883412;0.0449848;0.5652445;1;1;0;0
15.2471;1454.238;245.0174;901.2735;94.31614;4.86624;60.83092;173.832;2.56002;55.39678;-0.5606532;-0.107337;0.8210649;0.09756733;-0.9932195;-0.06322001;0.8222831;0.04466462;0.5673234;-0.9932195;0.04466462;0.5673234;1;1;0;0
15.2638;1455.809;245.0954;902.2966;94.2722;4.707157;60.91837;176.0367;2.547143;55.25199;-0.5660818;-0.06904819;0.8214526;0.07582281;-0.9966234;-0.03152115;0.820855;0.04444129;0.5694051;-0.9966234;0.04444129;0.5694051;1;1;0;0
15.2805;1457.378;245.1711;903.3211;94.22493;4.551787;61.00985;178.2417;2.539909;55.1068;-0.5706642;-0.03065196;0.8206115;0.05388269;-0.9985474;0.000172412;0.819414;0.04431514;0.5714866;-0.9985475;0.04431514;0.5714866;1;1;0;0
15.2972;1458.947;245.2445;904.347;94.17437;4.400332;61.10525;-179.5528;2.538213;54.96144;-0.5743935;0.00779418;0.8185427;0.03177983;-0.9989889;0.03181314;0.8179626;0.04428639;0.5735643;-0.9989889;0.04428639;0.5735643;1;1;0;0
15.3139;1460.515;245.3158;905.3748;94.12059;4.252989;61.20446;-177.3475;2.542143;54.8161;-0.5772635;0.04623254;0.8152485;0.00954737;-0.997946;0.06335358;0.8165026;0.04435516;0.5756356;-0.997946;0.04435516;0.5756356;1;1;0;0
15.3306;1462.082;245.3848;906.4042;94.06366;4.109949;61.30735;-175.1418;2.551673;54.671;-0.5792693;0.08460554;0.8107336;-0.01278148;-0.9954194;0.09474638;0.815036;0.0445213;0.5776973;-0.9954194;0.0445213;0.5776973;1;1;0;0
15.3473;1463.648;245.4519;907.4353;94.00365;3.971398;61.41379;-172.9359;2.566892;54.52638;-0.5804085;0.1228555;0.8050048;-0.03517313;-0.9914138;0.1259444;0.8135657;0.04478463;0.5797458;-0.9914138;0.04478463;0.5797458;1;1;0;0
15.364;1465.212;245.5169;908.4682;93.94063;3.837517;61.52365;-170.7299;2.587475;54.38242;-0.5806787;0.160925;0.7980701;-0.05759406;-0.9859339;0.1569007;0.8120934;0.04514476;0.5817786;-0.9859339;0.04514476;0.5817786;1;1;0;0
15.3807;1466.776;245.5801;909.5031;93.87469;3.708478;61.63678;-168.5236;2.613593;54.23936;-0.5800792;0.1987568;0.7899396;-0.0800105;-0.9789878;0.1875688;0.8106214;0.04560123;0.5837924;-0.9789878;0.04560123;0.5837924;1;1;0;0
15.3974;1468.339;245.6414;910.5396;93.80591;3.58445;61.75303;-166.3172;2.645305;54.0974;-0.5786107;0.2362941;0.780625;-0.102389;-0.9705852;0.2179026;0.8091519;0.04615331;0.5857843;-0.9705852;0.04615331;0.5857843;1;1;0;0
15.4141;1469.9;245.7011;911.5781;93.73438;3.465593;61.87226;-164.1107;2.682412;53.95673;-0.5762755;0.2734804;0.77014;-0.1246958;-0.9607387;0.2478563;0.8076869;0.04680022;0.5877514;-0.9607387;0.04680022;0.5877514;1;1;0;0
15.4308;1471.46;245.759;912.6187;93.6602;3.352061;61.9943;-161.9039;2.724911;53.81758;-0.5730764;0.3102599;0.7585004;-0.1468975;-0.9494627;0.2773851;0.8062289;0.04754099;0.5896905;-0.9494627;0.04754099;0.5896905;1;1;0;0
15.4475;1473.019;245.8155;913.6612;93.58347;3.244;62.119;-159.6971;2.772764;53.68018;-0.5690183;0.346577;0.7457232;-0.1689605;-0.9367737;0.3064443;0.8047802;0.04837462;0.5915986;-0.9367737;0.04837462;0.5915986;1;1;0;0
15.4642;1474.577;245.8704;914.7059;93.5043;3.141548;62.24618;-157.4901;2.825839;53.5447;-0.5641069;0.3823773;0.7318275;-0.1908517;-0.9226905;0.3349903;0.8033427;0.04929973;0.593473;-0.9226905;0.04929973;0.593473;1;1;0;0
15.4809;1476.133;245.924;915.7524;93.42278;3.044838;62.37567;-155.283;2.884052;53.41134;-0.55835;0.4176068;0.7168336;-0.2125385;-0.9072341;0.36298;0.8019185;0.05031508;0.595311;-0.9072341;0.05031508;0.595311;1;1;0;0
15.4976;1477.688;245.9763;916.8013;93.33904;2.953992;62.5073;-153.0758;2.947363;53.28032;-0.5517553;0.4522125;0.7007642;-0.2339877;-0.8904272;0.3903713;0.80051;0.05141918;0.5971096;-0.8904272;0.05141918;0.5971096;1;1;0;0
15.5143;1479.242;246.0275;917.8522;93.25319;2.869126;62.64089;-150.8685;3.015712;53.15184;-0.544333;0.4861421;0.6836433;-0.2551673;-0.8722952;0.417123;0.7991195;0.05261031;0.5988659;-0.8722952;0.05261031;0.5988659;1;1;0;0
15.531;1480.794;246.0775;918.9051;93.16535;2.790346;62.77626;-148.661;3.088954;53.02609;-0.5360937;0.5193446;0.6654962;-0.2760453;-0.8528646;0.4431947;0.7977487;0.05388673;0.6005775;-0.8528646;0.05388673;0.6005775;1;1;0;0
15.5477;1482.345;246.1266;919.9602;93.07565;2.71775;62.91321;-146.4535;3.166999;52.90325;-0.5270502;0.55177;0.6463503;-0.2965903;-0.832165;0.4685473;0.7964001;0.05524658;0.6022416;-0.8321649;0.05524658;0.6022416;1;1;0;0
15.5644;1483.894;246.1747;921.0176;92.98419;2.651428;63.05156;-144.2458;3.249681;52.78347;-0.5172155;0.5833694;0.6262337;-0.3167716;-0.8102266;0.4931421;0.7950749;0.05668761;0.6038563;-0.8102266;0.05668761;0.6038563;1;1;0;0
15.5811;1485.442;246.2221;922.077;92.89113;2.591461;63.19112;-142.038;3.33695;52.66695;-0.5066048;0.6140952;0.6051765;-0.3365589;-0.7870826;0.5169422;0.7937756;0.05820785;0.6054189;-0.7870825;0.05820785;0.6054189;1;1;0;0
15.5978;1486.988;246.2688;923.1387;92.79658;2.537919;63.3317;-139.8302;3.428626;52.55388;-0.4952341;0.6439012;0.5832109;-0.355922;-0.7627682;0.5399119;0.7925044;0.05980505;0.6069269;-0.7627681;0.05980505;0.6069269;1;1;0;0
15.6145;1488.533;246.3149;924.2027;92.70068;2.490866;63.4731;-137.6221;3.524534;52.44441;-0.4831195;0.672742;0.5603694;-0.3748316;-0.7373188;0.5620165;0.7912629;0.06147692;0.6083779;-0.7373188;0.06147692;0.6083779;1;1;0;0
15.6312;1490.076;246.3605;925.2688;92.60356;2.450355;63.61512;-135.414;3.624662;52.33873;-0.4702796;0.7005745;0.5366864;-0.3932595;-0.710773;0.5832225;0.7900531;0.06322068;0.6097698;-0.7107731;0.06322068;0.6097698;1;1;0;0
15.6479;1491.618;246.4058;926.3371;92.50537;2.41643;63.75756;-133.2058;3.728777;52.23695;-0.4567345;0.727357;0.5121971;-0.4111785;-0.6831713;0.6034979;0.7888765;0.06503379;0.611101;-0.6831713;0.06503379;0.611101;1;1;0;0
15.6646;1493.158;246.4508;927.4077;92.40624;2.389124;63.90023;-130.9974;3.836706;52.13924;-0.4425032;0.7530484;0.4869387;-0.428561;-0.6545541;0.622812;0.7877352;0.06691334;0.6123691;-0.6545541;0.06691334;0.6123691;1;1;0;0
15.6813;1494.696;246.4956;928.4804;92.30632;2.368464;64.04293;-128.7888;3.948387;52.04575;-0.4276079;0.7776103;0.4609489;-0.4453807;-0.6249648;0.6411358;0.7866306;0.06885695;0.6135724;-0.6249648;0.06885695;0.6135724;1;1;0;0
15.698;1496.233;246.5403;929.5555;92.20574;2.354463;64.18546;-126.5801;4.063462;51.95662;-0.4120707;0.801006;0.4342667;-0.4616128;-0.5944481;0.6584417;0.7855646;0.07086131;0.6147089;-0.5944481;0.07086131;0.6147089;1;1;0;0
15.7147;1497.769;246.5851;930.6325;92.10466;2.347129;64.3276;-124.3712;4.181934;51.87198;-0.3959152;0.8231999;0.4069326;-0.4772325;-0.5630499;0.6747037;0.7845389;0.07292372;0.6157768;-0.5630498;0.07292372;0.6157768;1;1;0;0
15.7314;1499.302;246.63;931.7119;92.00321;2.346457;64.46917;-122.1621;4.303569;51.79198;-0.3791646;0.8441583;0.3789873;-0.4922159;-0.5308164;0.6898971;0.7835547;0.07504091;0.6167746;-0.5308163;0.07504091;0.6167746;1;1;0;0
15.7481;1500.835;246.6751;932.7934;91.90154;2.352435;64.60996;-119.9529;4.428194;51.71671;-0.3618451;0.8638499;0.350473;-0.5065408;-0.497797;0.7039989;0.7826139;0.07720965;0.6177007;-0.497797;0.07720965;0.6177007;1;1;0;0
15.7648;1502.365;246.7206;933.8771;91.7998;2.365039;64.74979;-117.7434;4.555609;51.64633;-0.3439826;0.8822457;0.3214327;-0.5201858;-0.4640414;0.7169886;0.781718;0.07942677;0.6185535;-0.4640414;0.07942677;0.6185535;1;1;0;0
15.7815;1503.895;246.7665;934.9626;91.69814;2.384236;64.88844;-115.5336;4.685628;51.58094;-0.3256041;0.8993169;0.2919104;-0.5331297;-0.4296005;0.7288462;0.7808684;0.08168906;0.6193317;-0.4296005;0.08168906;0.6193317;1;1;0;0
15.7982;1505.422;246.813;936.0506;91.5967;2.409986;65.02571;-113.3236;4.818084;51.52058;-0.3067363;0.9150386;0.2619494;-0.5453539;-0.3945249;0.7395535;0.7800655;0.08399272;0.6200348;-0.3945248;0.08399272;0.6200348;1;1;0;0
15.8149;1506.948;246.8601;937.1404;91.49563;2.442235;65.16142;-111.1133;4.952821;51.46536;-0.2874092;0.9293868;0.2315956;-0.55684;-0.3588688;0.7490946;0.7793109;0.08633488;0.6206616;-0.3588688;0.08633488;0.6206616;1;1;0;0
15.8316;1508.472;246.9079;938.2324;91.39507;2.480925;65.29537;-108.9027;5.089505;51.41539;-0.267651;0.9423401;0.2008947;-0.5675703;-0.3226856;0.7574554;0.7786062;0.08871156;0.6212108;-0.3226855;0.08871156;0.6212108;1;1;0;0
15.8483;1509.995;246.9566;939.3263;91.29516;2.525984;65.42738;-106.6918;5.227984;51.37074;-0.2474911;0.9538788;0.1698928;-0.5775284;-0.2860292;0.764623;0.777952;0.09111944;0.6216816;-0.2860292;0.09111944;0.6216816;1;1;0;0
15.865;1511.516;247.0063;940.4222;91.19606;2.577334;65.55724;-104.4806;5.368158;51.33149;-0.2269606;0.9639862;0.1386366;-0.5867;-0.2489554;0.7705873;0.7773497;0.09355471;0.6220733;-0.2489553;0.09355471;0.6220733;1;1;0;0
15.8817;1513.036;247.0569;941.5198;91.09791;2.634886;65.68479;-102.2689;5.509649;51.29769;-0.2060897;0.9726466;0.1071728;-0.595071;-0.2115191;0.775339;0.7767998;0.09601387;0.6223854;-0.2115191;0.09601387;0.6223854;1;1;0;0
15.8984;1514.555;247.1087;942.6196;91.00085;2.698542;65.80984;-100.0569;5.652428;51.26938;-0.1849106;0.9798474;0.07554913;-0.6026292;-0.1737777;0.7788709;0.7763032;0.09849322;0.6226176;-0.1737776;0.09849322;0.6226176;1;1;0;0
15.9151;1516.072;247.1616;943.7209;90.90501;2.768197;65.9322;-97.84451;5.796097;51.24662;-0.1634546;0.9855776;0.0438132;-0.6093629;-0.1357875;0.7811779;0.7758607;0.1009888;0.6227694;-0.1357874;0.1009888;0.6227694;1;1;0;0
15.9318;1517.587;247.2159;944.8243;90.81055;2.843735;66.0517;-95.63163;5.940593;51.22944;-0.141754;0.9898293;0.01201236;-0.6152626;-0.09760548;0.7822567;0.7754729;0.1034971;0.6228405;-0.0976054;0.1034971;0.6228405;1;1;0;0
15.9485;1519.101;247.2715;945.9293;90.71758;2.925033;66.16819;-93.41831;6.0856;51.21786;-0.1198416;0.9925956;-0.01980501;-0.6203191;-0.05928946;0.7821057;0.7751403;0.1060141;0.6228311;-0.0592894;0.1060141;0.6228311;1;1;0;0
15.9652;1520.614;247.3286;947.0359;90.62626;3.011959;66.28149;-91.2045;6.230927;51.21191;-0.09775041;0.9938732;-0.05159158;-0.6245254;-0.02089691;0.7807254;0.7748636;0.1085362;0.6227411;-0.02089676;0.1085362;0.6227411;1;1;0;0
15.9819;1522.125;247.3873;948.1442;90.53671;3.104372;66.39143;-88.99017;6.376367;51.21159;-0.07551332;0.9936596;-0.08329931;-0.6278747;0.01751471;0.7781176;0.7746428;0.1110595;0.6225708;0.01751482;0.1110595;0.6225708;1;1;0;0
15.9986;1523.635;247.4476;949.2542;90.44907;3.202124;66.49786;-86.77534;6.521764;51.21693;-0.05316421;0.9919559;-0.1148804;-0.6303623;0.05588724;0.774287;0.7744787;0.1135805;0.6223201;0.0558873;0.1135805;0.6223201;1;1;0;0
16.0153;1525.144;247.5096;950.3655;90.36345;3.305061;66.60064;-84.55995;6.666769;51.22795;-0.03073657;0.9887646;-0.1462876;-0.6319842;0.0941631;0.7692395;0.7743717;0.1160951;0.6219892;0.09416318;0.1160951;0.6219892;1;1;0;0
16.032;1526.651;247.5733;951.4782;90.27998;3.413018;66.69961;-82.34399;6.811292;51.2446;-0.008263916;0.9840909;-0.1774738;-0.6327385;0.1322851;0.7629829;0.7743217;0.1185997;0.6215788;0.1322851;0.1185997;0.6215788;1;1;0;0
16.0487;1528.158;247.6389;952.5923;90.19879;3.525826;66.79463;-80.12743;6.955025;51.2669;0.01421976;0.9779422;-0.2083922;-0.6326238;0.1701958;0.7555269;0.7743289;0.1210903;0.6210893;0.1701959;0.1210903;0.6210893;1;1;0;0
16.0654;1529.663;247.7064;953.7079;90.12;3.643306;66.88557;-77.91027;7.097769;51.29475;0.03668094;0.9703276;-0.2389963;-0.631641;0.2078383;0.7468823;0.774393;0.1235633;0.6205222;0.2078384;0.1235633;0.6205222;1;1;0;0
16.0821;1531.167;247.7759;954.8245;90.04371;3.765274;66.97231;-75.69249;7.239366;51.32819;0.05908558;0.9612591;-0.2692401;-0.6297913;0.245156;0.7370629;0.7745141;0.1260152;0.6198775;0.2451561;0.1260152;0.6198775;1;1;0;0
16.0988;1532.67;247.8475;955.9424;89.97004;3.891539;67.0547;-73.47408;7.379563;51.3671;0.08140031;0.9507505;-0.2990784;-0.6270781;0.282093;0.7260833;0.7746918;0.128442;0.619157;0.2820932;0.128442;0.619157;1;1;0;0
16.1155;1534.172;247.9211;957.0614;89.89909;4.021904;67.13264;-71.25501;7.518152;51.41146;0.1035915;0.9388177;-0.3284664;-0.6235054;0.318594;0.7139602;0.7749258;0.1308403;0.6183614;0.3185941;0.1308403;0.6183614;1;1;0;0
16.1322;1535.673;247.9969;958.1813;89.83098;4.156167;67.20603;-69.03529;7.654912;51.46124;0.125626;0.9254794;-0.3573602;-0.6190783;0.3546044;0.7007124;0.7752163;0.1332062;0.6174915;0.3546045;0.1332062;0.6174915;1;1;0;0
16.1489;1537.173;248.0749;959.3023;89.76579;4.294118;67.27475;-66.8149;7.789664;51.51633;0.1474704;0.9107555;-0.3857165;-0.6138044;0.3900698;0.6863599;0.7755623;0.1355366;0.6165493;0.3900699;0.1355366;0.6165493;1;1;0;0
16.1656;1538.672;248.1552;960.4241;89.70361;4.435545;67.33871;-64.59384;7.922163;51.57664;0.1690925;0.8946683;-0.4134927;-0.6076913;0.4249377;0.6709241;0.7759632;0.1378277;0.615536;0.4249376;0.1378277;0.615536;1;1;0;0
16.1823;1540.17;248.2377;961.5467;89.64455;4.580229;67.39781;-62.37211;8.052276;51.64214;0.1904593;0.8772429;-0.4406477;-0.6007487;0.4591554;0.6544291;0.776419;0.1400762;0.6144528;0.4591555;0.1400762;0.6144528;1;1;0;0
16.199;1541.668;248.3227;962.67;89.58869;4.727945;67.45199;-60.14968;8.179733;51.71272;0.2115391;0.8585051;-0.4671406;-0.5929867;0.4926721;0.6368997;0.7769287;0.1422788;0.6133014;0.4926722;0.1422788;0.6133014;1;1;0;0
16.2157;1543.165;248.4099;963.7941;89.5361;4.878468;67.50115;-57.92657;8.304373;51.78825;0.2323009;0.8384835;-0.4929319;-0.5844172;0.5254379;0.6183621;0.7774915;0.1444318;0.6120837;0.525438;0.1444318;0.6120837;1;1;0;0
16.2324;1544.661;248.4996;964.9186;89.48687;5.031563;67.54524;-55.70279;8.426017;51.86862;0.2527129;0.8172085;-0.5179831;-0.5750537;0.5574034;0.5988445;0.7781064;0.1465323;0.6108018;0.5574035;0.1465323;0.6108018;1;1;0;0
16.2491;1546.156;248.5918;966.0436;89.44106;5.186996;67.58419;-53.47835;8.544495;51.95372;0.272745;0.7947124;-0.5422568;-0.5649104;0.5885211;0.5783764;0.7787725;0.1485772;0.6094574;0.5885212;0.1485772;0.6094574;1;1;0;0
16.2658;1547.651;248.6864;967.1689;89.39874;5.344528;67.61795;-51.25323;8.659571;52.0434;0.2923673;0.7710291;-0.565717;-0.5540029;0.6187446;0.5569884;0.7794886;0.1505636;0.6080529;0.6187447;0.1505636;0.6080529;1;1;0;0
16.2825;1549.145;248.7835;968.2947;89.35997;5.503918;67.64648;-49.02747;8.771156;52.13755;0.3115505;0.7461944;-0.5883285;-0.5423473;0.6480289;0.5347131;0.7802536;0.1524882;0.6065902;0.6480289;0.1524882;0.6065902;1;1;0;0
16.2992;1550.639;248.8831;969.4208;89.3248;5.664922;67.66973;-46.80107;8.878963;52.23605;0.3302659;0.7202457;-0.6100579;-0.529961;0.6763304;0.5115844;0.7810672;0.1543479;0.605071;0.6763306;0.1543479;0.605071;1;1;0;0
16.3159;1552.133;248.9853;970.5468;89.29328;5.827293;67.68768;-44.57404;8.982948;52.33876;0.3484854;0.6932224;-0.6308731;-0.5168632;0.7036071;0.4876368;0.7819275;0.1561407;0.6034978;0.7036073;0.1561407;0.6034978;1;1;0;0
16.3326;1553.626;249.09;971.6731;89.26546;5.990782;67.70031;-42.34641;9.082898;52.44547;0.3661824;0.665165;-0.6507428;-0.5030736;0.7298183;0.4629063;0.7828331;0.1578633;0.6018736;0.7298185;0.1578633;0.6018736;1;1;0;0
16.3493;1555.119;249.1973;972.7994;89.24139;6.155141;67.7076;-40.11819;9.178665;52.55606;0.3833302;0.6361158;-0.6696378;-0.4886131;0.7549253;0.4374302;0.7837827;0.1595134;0.6002001;0.7549254;0.1595134;0.6002001;1;1;0;0
16.366;1556.611;249.3071;973.9252;89.22108;6.320118;67.70955;-37.8894;9.270082;52.67037;0.3999035;0.6061186;-0.6875302;-0.4735031;0.7788908;0.4112468;0.7847753;0.1610886;0.5984801;0.7788909;0.1610886;0.5984801;1;1;0;0
16.3827;1558.104;249.4194;975.0512;89.20457;6.485461;67.70615;-35.66008;9.357043;52.78822;0.4158775;0.5752184;-0.7043934;-0.4577669;0.8016793;0.3843956;0.785809;0.1625863;0.5967162;0.8016795;0.1625863;0.5967162;1;1;0;0
